n   x   y
0 -0.000266941 -3
1 0.0305102 -3.07831
2 0.0697818 -3.1527
3 0.116503 -3.22271
4 0.169734 -3.28805
5 0.22863 -3.34849
6 0.29244 -3.40392
7 0.360492 -3.45426
8 0.432183 -3.49947
9 0.506976 -3.53956
10 0.584383 -3.57455
11 0.663966 -3.6045
12 0.745325 -3.62946
13 0.828096 -3.64949
14 0.911944 -3.66468
15 0.996561 -3.6751
16 1.08166 -3.68084
17 1.16698 -3.68198
18 1.25226 -3.67861
19 1.33728 -3.67083
20 1.42181 -3.65872
21 1.50564 -3.64238
22 1.58857 -3.62189
23 1.6704 -3.59736
24 1.75095 -3.56887
25 1.83004 -3.53651
26 1.90749 -3.50039
27 1.98312 -3.46059
28 2.05676 -3.41722
29 2.12825 -3.37037
30 2.19742 -3.32014
31 2.26409 -3.26664
32 2.32811 -3.20998
33 2.3893 -3.15026
34 2.44749 -3.0876
35 2.50251 -3.02212
36 2.55417 -2.95395
37 2.60231 -2.88323
38 2.64674 -2.81009
39 2.68727 -2.73469
40 2.72369 -2.6572
41 2.75582 -2.57779
42 2.78345 -2.49667
43 2.80635 -2.41403
44 2.82432 -2.33013
45 2.83711 -2.24522
46 2.84451 -2.1596
47 2.84626 -2.07359
48 2.84213 -1.98757
49 2.83186 -1.90196
50 2.81523 -1.81723
51 2.79198 -1.73395
52 2.76192 -1.65275
53 2.72486 -1.57437
54 2.68069 -1.49967
55 2.62937 -1.42967
56 2.571 -1.36552
57 2.50587 -1.30861
58 2.43458 -1.26053
59 2.35808 -1.22308
60 2.27788 -1.19831
61 2.19611 -1.18835
62 2.11561 -1.19526
63 2.03984 -1.22066
64 1.97258 -1.26508
65 1.9174 -1.32737
66 1.87718 -1.40434
67 1.85366 -1.49113
68 1.84744 -1.58223
69 1.85801 -1.67262
70 1.884 -1.75842
71 1.92354 -1.83703
72 1.97455 -1.90692
73 2.03493 -1.96734
74 2.10278 -2.01808
75 2.17637 -2.05923
76 2.25426 -2.09109
77 2.33517 -2.11406
78 2.41808 -2.1286
79 2.50209 -2.13516
80 2.58647 -2.13423
81 2.67061 -2.12625
82 2.75399 -2.11168
83 2.83616 -2.09092
84 2.91675 -2.06437
85 2.99546 -2.03241
86 3.072 -1.99538
87 3.14614 -1.95361
88 3.21769 -1.90743
89 3.28646 -1.85712
90 3.3523 -1.80296
91 3.41507 -1.74522
92 3.47466 -1.68415
93 3.53096 -1.62
94 3.58387 -1.553
95 3.63331 -1.48337
96 3.67919 -1.41133
97 3.72144 -1.3371
98 3.76 -1.26086
99 3.79481 -1.18283
100 3.8258 -1.1032
101 3.85294 -1.02217
102 3.87615 -0.939923
103 3.89541 -0.856654
104 3.91067 -0.772553
105 3.92187 -0.687812
106 3.92899 -0.602623
107 3.93198 -0.517183
108 3.93081 -0.43169
109 3.92545 -0.346348
110 3.91586 -0.261365
111 3.90202 -0.176956
112 3.88389 -0.0933449
113 3.86147 -0.0107631
114 3.83472 0.0705469
115 3.80363 0.15033
116 3.7682 0.228319
117 3.72842 0.30423
118 3.68431 0.377759
119 3.63589 0.448587
120 3.58318 0.516367
121 3.52623 0.580731
122 3.46513 0.641278
123 3.39996 0.697579
124 3.33088 0.749166
125 3.25805 0.795537
126 3.18172 0.836143
127 3.1022 0.870394
128 3.01991 0.897654
129 2.93537 0.917247
130 2.84929 0.928458
131 2.76258 0.930554
132 2.67643 0.922808
133 2.59236 0.904544
134 2.51235 0.875213
135 2.43887 0.834494
136 2.37493 0.782443
137 2.32395 0.719675
138 2.28948 0.647563
139 2.27457 0.568427
140 2.28091 0.485616
141 2.30825 0.403367
142 2.35436 0.326302
143 2.41567 0.258661
144 2.48817 0.203589
145 2.56811 0.162834
146 2.65227 0.136873
147 2.73807 0.125269
148 2.82352 0.127038
149 2.90712 0.140943
150 2.98774 0.165675
151 3.06459 0.199961
152 3.13709 0.242615
153 3.20483 0.292558
154 3.26756 0.348823
155 3.3251 0.410548
156 3.37735 0.476965
157 3.42429 0.547391
158 3.4659 0.621217
159 3.50222 0.697901
160 3.5333 0.776952
161 3.55922 0.857932
162 3.58004 0.94044
163 3.59585 1.02411
164 3.60676 1.10862
165 3.61286 1.19365
166 3.61424 1.27893
167 3.61102 1.36419
168 3.60328 1.44919
169 3.59114 1.5337
170 3.5747 1.61749
171 3.55407 1.70037
172 3.52933 1.78213
173 3.50061 1.86258
174 3.46799 1.94155
175 3.4316 2.01886
176 3.39152 2.09434
177 3.34786 2.16781
178 3.30074 2.23911
179 3.25026 2.30808
180 3.19652 2.37456
181 3.13965 2.43838
182 3.07976 2.49939
183 3.01696 2.55741
184 2.95138 2.61229
185 2.88316 2.66386
186 2.81242 2.71195
187 2.73932 2.75639
188 2.664 2.79701
189 2.58663 2.83362
190 2.50738 2.86604
191 2.42644 2.89408
192 2.34402 2.91754
193 2.26033 2.93623
194 2.17564 2.94993
195 2.0902 2.95843
196 2.00432 2.96153
197 1.91834 2.95899
198 1.83264 2.95059
199 1.74765 2.93612
200 1.66385 2.91535
201 1.58181 2.88809
202 1.50217 2.85415
203 1.42565 2.8134
204 1.35313 2.76575
205 1.28559 2.71122
206 1.22418 2.64996
207 1.17023 2.58232
208 1.12529 2.50894
209 1.09108 2.43083
210 1.06954 2.34956
211 1.06269 2.26732
212 1.07245 2.18698
213 1.1003 2.11204
214 1.14669 2.04631
215 1.21046 1.99334
216 1.28844 1.95592
217 1.37581 1.93565
218 1.46703 1.93292
219 1.55703 1.94701
220 1.64188 1.97642
221 1.71897 2.01917
222 1.78681 2.07307
223 1.8447 2.13601
224 1.8925 2.20601
225 1.93038 2.28138
226 1.9587 2.36063
227 1.97792 2.44252
228 1.98856 2.526
229 1.99113 2.61022
230 1.98615 2.69445
231 1.9741 2.77809
232 1.95546 2.86064
233 1.93068 2.94168
234 1.90016 3.02085
235 1.86431 3.09785
236 1.82349 3.17243
237 1.77804 3.24436
238 1.7283 3.31348
239 1.67456 3.3796
240 1.61712 3.44259
241 1.55625 3.50234
242 1.49222 3.55872
243 1.42527 3.61166
244 1.35564 3.66105
245 1.28357 3.70684
246 1.20926 3.74895
247 1.13294 3.78732
248 1.05482 3.82189
249 0.975101 3.85262
250 0.893978 3.87946
251 0.811651 3.90237
252 0.728314 3.92131
253 0.644161 3.93623
254 0.559384 3.94712
255 0.474177 3.95393
256 0.388735 3.95663
257 0.303256 3.95521
258 0.217938 3.94963
259 0.132987 3.93987
260 0.0486116 3.92592
261 -0.0349715 3.90775
262 -0.117539 3.88535
263 -0.19886 3.85872
264 -0.278691 3.82784
265 -0.356779 3.79272
266 -0.432857 3.75336
267 -0.506643 3.70978
268 -0.577838 3.662
269 -0.646124 3.61006
270 -0.71116 3.55401
271 -0.772582 3.49391
272 -0.829999 3.42987
273 -0.88299 3.362
274 -0.931099 3.29046
275 -0.973838 3.21546
276 -1.01068 3.13726
277 -1.04105 3.05619
278 -1.06434 2.97269
279 -1.07992 2.88733
280 -1.08711 2.80082
281 -1.08522 2.7141
282 -1.0736 2.62835
283 -1.05165 2.54511
284 -1.01891 2.46633
285 -0.975172 2.39445
286 -0.920611 2.33242
287 -0.855971 2.28361
288 -0.782744 2.25149
289 -0.703326 2.23905
290 -0.621067 2.24798
291 -0.540125 2.27799
292 -0.464994 2.32675
293 -0.399782 2.39055
294 -0.347531 2.46522
295 -0.309903 2.54684
296 -0.287299 2.63212
297 -0.279204 2.71845
298 -0.28456 2.80384
299 -0.302059 2.88682
300 -0.33033 2.9663
301 -0.36805 3.04154
302 -0.41399 3.112
303 -0.467041 3.17733
304 -0.52621 3.23731
305 -0.590617 3.29181
306 -0.65948 3.34077
307 -0.732109 3.3842
308 -0.80789 3.42211
309 -0.886273 3.45458
310 -0.96677 3.48167
311 -1.04894 3.50348
312 -1.13239 3.52012
313 -1.21675 3.53168
314 -1.3017 3.53828
315 -1.38693 3.54004
316 -1.47216 3.53707
317 -1.55714 3.52949
318 -1.64163 3.5174
319 -1.7254 3.50094
320 -1.80823 3.48021
321 -1.88993 3.45534
322 -1.97031 3.42642
323 -2.04918 3.39358
324 -2.12636 3.35693
325 -2.20168 3.31659
326 -2.27498 3.27266
327 -2.3461 3.22527
328 -2.41487 3.17452
329 -2.48114 3.12054
330 -2.54475 3.06344
331 -2.60554 3.00335
332 -2.66337 2.94039
333 -2.71808 2.87468
334 -2.7695 2.80636
335 -2.81749 2.73557
336 -2.86188 2.66246
337 -2.9025 2.58717
338 -2.9392 2.50986
339 -2.9718 2.43072
340 -3.00012 2.34992
341 -3.024 2.26766
342 -3.04324 2.18416
343 -3.05765 2.09964
344 -3.06706 2.01436
345 -3.07125 1.92861
346 -3.07004 1.84269
347 -3.06321 1.75696
348 -3.05057 1.67179
349 -3.03192 1.58762
350 -3.00707 1.50496
351 -2.97585 1.42435
352 -2.93811 1.34645
353 -2.89376 1.27198
354 -2.84274 1.20179
355 -2.78512 1.13687
356 -2.72109 1.07832
357 -2.65107 1.02746
358 -2.57573 0.98576
359 -2.49615 0.954878
360 -2.41395 0.936639
361 -2.33134 0.932938
362 -2.25126 0.945563
363 -2.17723 0.975853
364 -2.11307 1.02418
365 -2.06234 1.08935
366 -2.02773 1.16824
367 -2.0107 1.25605
368 -2.01144 1.34724
369 -2.02904 1.43669
370 -2.06183 1.52046
371 -2.10772 1.59591
372 -2.16443 1.66158
373 -2.2298 1.71685
374 -2.30185 1.76162
375 -2.37884 1.79616
376 -2.45929 1.82088
377 -2.54197 1.83633
378 -2.62586 1.84305
379 -2.71009 1.84163
380 -2.79398 1.83261
381 -2.87692 1.81652
382 -2.95845 1.79387
383 -3.03815 1.76513
384 -3.1157 1.73072
385 -3.19081 1.69108
386 -3.26324 1.64657
387 -3.33279 1.59756
388 -3.39929 1.54438
389 -3.4626 1.48736
390 -3.52259 1.42679
391 -3.57914 1.36296
392 -3.63218 1.29612
393 -3.68161 1.22655
394 -3.72736 1.15448
395 -3.76938 1.08014
396 -3.80761 1.00377
397 -3.84199 0.925579
398 -3.87249 0.845778
399 -3.89906 0.764576
400 -3.92167 0.682176
401 -3.94029 0.598775
402 -3.95489 0.514571
403 -3.96545 0.429759
404 -3.97193 0.344533
405 -3.97433 0.259089
406 -3.97262 0.173622
407 -3.96678 0.0883308
408 -3.95681 0.0034156
409 -3.94268 -0.0809184
410 -3.9244 -0.164461
411 -3.90195 -0.246997
412 -3.87534 -0.328303
413 -3.84457 -0.408148
414 -3.80965 -0.486291
415 -3.77058 -0.562479
416 -3.7274 -0.636448
417 -3.68012 -0.707919
418 -3.6288 -0.776596
419 -3.57347 -0.842164
420 -3.51422 -0.90429
421 -3.45113 -0.962616
422 -3.3843 -1.01676
423 -3.31389 -1.06631
424 -3.24008 -1.11082
425 -3.16308 -1.14982
426 -3.08318 -1.18281
427 -3.00075 -1.20922
428 -2.91625 -1.2285
429 -2.83025 -1.24002
430 -2.7435 -1.24316
431 -2.65694 -1.23729
432 -2.57178 -1.22181
433 -2.48953 -1.1962
434 -2.41214 -1.1601
435 -2.342 -1.11339
436 -2.282 -1.05637
437 -2.23544 -0.989917
438 -2.20572 -0.915632
439 -2.19577 -0.835989
440 -2.20725 -0.754349
441 -2.23984 -0.674795
442 -2.29115 -0.601691
443 -2.35732 -0.539004
444 -2.43403 -0.489658
445 -2.51721 -0.455224
446 -2.60348 -0.43602
447 -2.6902 -0.431452
448 -2.77538 -0.440384
449 -2.85759 -0.461441
450 -2.93578 -0.493192
451 -3.00925 -0.534263
452 -3.07753 -0.583388
453 -3.1403 -0.639425
454 -3.19741 -0.701361
455 -3.24875 -0.768298
456 -3.29431 -0.839444
457 -3.33413 -0.914099
458 -3.36826 -0.991646
459 -3.39679 -1.07154
460 -3.41983 -1.15328
461 -3.43749 -1.23643
462 -3.4499 -1.3206
463 -3.45718 -1.40544
464 -3.45946 -1.4906
465 -3.45688 -1.57581
466 -3.44956 -1.66078
467 -3.43764 -1.74526
468 -3.42124 -1.82901
469 -3.4005 -1.91182
470 -3.37554 -1.99348
471 -3.34649 -2.07379
472 -3.31347 -2.15257
473 -3.27661 -2.22963
474 -3.23602 -2.30482
475 -3.19184 -2.37796
476 -3.14419 -2.44889
477 -3.09318 -2.51746
478 -3.03895 -2.58351
479 -2.98161 -2.6469
480 -2.9213 -2.70747
481 -2.85814 -2.76508
482 -2.79228 -2.81958
483 -2.72383 -2.87082
484 -2.65296 -2.91865
485 -2.57979 -2.96293
486 -2.50449 -3.00349
487 -2.42721 -3.0402
488 -2.34813 -3.07288
489 -2.26742 -3.10138
490 -2.18528 -3.12553
491 -2.10192 -3.14518
492 -2.01754 -3.16015
493 -1.93241 -3.17026
494 -1.84677 -3.17534
495 -1.76092 -3.17521
496 -1.67518 -3.16968
497 -1.5899 -3.15859
498 -1.50548 -3.14173
499 -1.42235 -3.11895
500 -1.34101 -3.09008
501 -1.26203 -3.05497
502 -1.18605 -3.01352
503 -1.1138 -2.96566
504 -1.04611 -2.91138
505 -0.983945 -2.85079
506 -0.928404 -2.78414
507 -0.880739 -2.71186
508 -0.842372 -2.63471
509 -0.814889 -2.55381
510 -0.800007 -2.4708
511 -0.799498 -2.38795
512 -0.815006 -2.30823
513 -0.847734 -2.23519
514 -0.897959 -2.17265
515 -0.964459 -2.12417
516 -1.04414 -2.09236
517 -1.13225 -2.07856
518 -1.22326 -2.08276
519 -1.31203 -2.10384
520 -1.39456 -2.13997
521 -1.46825 -2.18892
522 -1.53165 -2.24836
523 -1.5842 -2.31606
524 -1.62587 -2.39001
525 -1.657 -2.46847
526 -1.67809 -2.54996
527 -1.68973 -2.63327
528 -1.69253 -2.71737
529 -1.68712 -2.80143
530 -1.6741 -2.88477
531 -1.65402 -2.96683
532 -1.62741 -3.04714
533 -1.59478 -3.12532
534 -1.55657 -3.20106
535 -1.51323 -3.27409
536 -1.46515 -3.34419
537 -1.4127 -3.41118
538 -1.35623 -3.4749
539 -1.29608 -3.53523
540 -1.23254 -3.59205
541 -1.1659 -3.64528
542 -1.09645 -3.69482
543 -1.02443 -3.74062
544 -0.950108 -3.78261
545 -0.873712 -3.82075
546 -0.795474 -3.85499
547 -0.715614 -3.8853
548 -0.634347 -3.91164
549 -0.551882 -3.93398
550 -0.468424 -3.95231
551 -0.384172 -3.96659
552 -0.299327 -3.97682
553 -0.214083 -3.98297
554 -0.128637 -3.98505
555 -0.0431834 -3.98302
556 0.0420801 -3.97689
557 0.126956 -3.96666
558 0.211242 -3.95231
559 0.294734 -3.93386
560 0.377223 -3.9113
561 0.458493 -3.88463
562 0.538322 -3.85388
563 0.616481 -3.81905
564 0.69273 -3.78017
565 0.766819 -3.73726
566 0.838486 -3.69036
567 0.907456 -3.63952
568 0.973437 -3.58478
569 1.03612 -3.52621
570 1.09518 -3.46391
571 1.15026 -3.39797
572 1.20099 -3.32854
573 1.24698 -3.25576
574 1.28778 -3.17984
575 1.32295 -3.10103
576 1.352 -3.01963
577 1.3744 -2.93604
578 1.38961 -2.85072
579 1.39705 -2.76428
580 1.39613 -2.67748
581 1.38628 -2.59127
582 1.36696 -2.50686
583 1.33773 -2.42578
584 1.29831 -2.34993
585 1.24868 -2.28166
586 1.18927 -2.22381
587 1.12107 -2.17958
588 1.04579 -2.1523
589 0.965977 -2.14484
590 0.885019 -2.15883
591 0.806929 -2.19393
592 0.735937 -2.24768
593 0.675864 -2.31611
594 0.629504 -2.39473
595 0.598326 -2.47933
596 0.582559 -2.56646
597 0.581527 -2.65343
598 0.594021 -2.73826
599 0.618594 -2.81955
600 0.653758 -2.8963
601 0.698093 -2.96787
602 0.750294 -3.03382
603 0.809192 -3.09391
604 0.873752 -3.14802
605 0.943061 -3.19609
606 1.01632 -3.23815
607 1.09282 -3.27426
608 1.17195 -3.30453
609 1.25314 -3.32906
610 1.33592 -3.34799
611 1.41985 -3.36146
612 1.50453 -3.36961
613 1.58962 -3.37259
614 1.67479 -3.37055
615 1.75975 -3.36363
616 1.84423 -3.35199
617 1.92799 -3.33576
618 2.01079 -3.3151
619 2.09242 -3.29013
620 2.17269 -3.26101
621 2.25139 -3.22786
622 2.32836 -3.19082
623 2.40342 -3.15003
624 2.47641 -3.10562
625 2.54717 -3.05772
626 2.61554 -3.00646
627 2.68138 -2.95198
628 2.74454 -2.8944
629 2.80488 -2.83387
630 2.86225 -2.77051
631 2.91652 -2.70446
632 2.96755 -2.63586
633 3.01518 -2.56487
634 3.0593 -2.49162
635 3.09974 -2.41627
636 3.13638 -2.33898
637 3.16906 -2.25992
638 3.19764 -2.17927
639 3.22196 -2.09721
640 3.24189 -2.01394
641 3.25726 -1.92969
642 3.26791 -1.84467
643 3.27369 -1.75913
644 3.27443 -1.67335
645 3.26998 -1.58763
646 3.26016 -1.50228
647 3.24481 -1.41767
648 3.22379 -1.33419
649 3.19693 -1.2523
650 3.1641 -1.17249
651 3.12519 -1.09532
652 3.08012 -1.02145
653 3.02886 -0.951577
654 2.97144 -0.886542
655 2.90802 -0.827281
656 2.83886 -0.774863
657 2.76449 -0.730503
658 2.68567 -0.695562
659 2.60358 -0.671547
660 2.5199 -0.660075
661 2.43695 -0.66279
662 2.35769 -0.681194
663 2.28571 -0.716352
664 2.22484 -0.768438
665 2.17862 -0.836195
666 2.14962 -0.91656
667 2.13903 -1.00483
668 2.14665 -1.09552
669 2.17118 -1.18345
670 2.2106 -1.26463
671 2.26255 -1.33643
672 2.32462 -1.39745
673 2.39453 -1.44719
674 2.47024 -1.48569
675 2.55002 -1.51337
676 2.6324 -1.53078
677 2.71615 -1.53859
678 2.80028 -1.53748
679 2.88398 -1.52811
680 2.96659 -1.51111
681 3.04757 -1.48708
682 3.12648 -1.45659
683 3.20295 -1.42015
684 3.27669 -1.37824
685 3.34746 -1.33132
686 3.41505 -1.27978
687 3.47931 -1.22403
688 3.5401 -1.16442
689 3.59729 -1.10129
690 3.6508 -1.03494
691 3.70056 -0.965677
692 3.74648 -0.893782
693 3.78853 -0.819518
694 3.82665 -0.743138
695 3.86081 -0.664884
696 3.89098 -0.584987
697 3.91713 -0.503672
698 3.93924 -0.421156
699 3.95729 -0.337648
700 3.97128 -0.253355
701 3.98119 -0.168479
702 3.98702 -0.0832185
703 3.98876 0.00222907
704 3.98641 0.0876676
705 3.97997 0.172901
706 3.96944 0.257734
707 3.95484 0.341966
708 3.93616 0.425399
709 3.91342 0.507827
710 3.88664 0.589042
711 3.85583 0.668831
712 3.82101 0.746972
713 3.78222 0.823239
714 3.73949 0.897393
715 3.69285 0.969189
716 3.64235 1.03837
717 3.58807 1.10466
718 3.53005 1.16777
719 3.46839 1.22741
720 3.4032 1.28325
721 3.33459 1.33495
722 3.26271 1.38214
723 3.18774 1.42445
724 3.10991 1.46144
725 3.02948 1.4927
726 2.94677 1.51774
727 2.8622 1.53607
728 2.77626 1.54717
729 2.68958 1.5505
730 2.60292 1.54552
731 2.51725 1.53171
732 2.43378 1.50858
733 2.35402 1.47577
734 2.27986 1.43309
735 2.2136 1.38062
736 2.158 1.31888
737 2.11619 1.24899
738 2.09141 1.17277
739 2.08645 1.09286
740 2.10291 1.01264
741 2.14043 0.936086
742 2.19651 0.867287
743 2.26707 0.809909
744 2.34747 0.76661
745 2.43337 0.738743
746 2.52122 0.726445
747 2.6083 0.728956
748 2.69263 0.744989
749 2.77285 0.773031
750 2.84802 0.811538
751 2.91754 0.859042
752 2.98105 0.914205
753 3.03833 0.975831
754 3.08932 1.04287
755 3.13401 1.11439
756 3.17247 1.18958
757 3.2048 1.26775
758 3.23113 1.34825
759 3.25161 1.43056
760 3.26639 1.51417
761 3.27563 1.59866
762 3.27951 1.68364
763 3.27818 1.76876
764 3.27183 1.85371
765 3.2606 1.93821
766 3.24466 2.02198
767 3.22417 2.1048
768 3.19929 2.18643
769 3.17017 2.26667
770 3.13696 2.34533
771 3.0998 2.42222
772 3.05885 2.49718
773 3.01424 2.57004
774 2.96612 2.64063
775 2.91463 2.70882
776 2.8599 2.77445
777 2.80209 2.83739
778 2.74132 2.89749
779 2.67775 2.95461
780 2.61151 3.00863
781 2.54274 3.05942
782 2.47161 3.10683
783 2.39825 3.15074
784 2.32282 3.19101
785 2.24549 3.22752
786 2.16641 3.26013
787 2.08578 3.2887
788 2.00377 3.3131
789 1.92058 3.33319
790 1.8364 3.34883
791 1.75147 3.35988
792 1.66603 3.36619
793 1.58031 3.36762
794 1.49461 3.36402
795 1.40923 3.35525
796 1.32448 3.34116
797 1.24075 3.32161
798 1.15844 3.29646
799 1.07798 3.26559
800 0.99989 3.22888
801 0.924726 3.18627
802 0.853125 3.13768
803 0.785801 3.08313
804 0.723568 3.0227
805 0.667343 2.95657
806 0.618168 2.88507
807 0.577211 2.80873
808 0.545778 2.7284
809 0.525296 2.64527
810 0.51728 2.56108
811 0.523247 2.47814
812 0.544557 2.39946
813 0.582135 2.32862
814 0.636045 2.26947
815 0.704989 2.22553
816 0.785934 2.19932
817 0.87424 2.19192
818 0.964453 2.20293
819 1.05141 2.23086
820 1.1311 2.2735
821 1.20089 2.32838
822 1.25944 2.39298
823 1.30628 2.46498
824 1.34155 2.54233
825 1.36572 2.62328
826 1.37943 2.70636
827 1.38341 2.79038
828 1.37838 2.87437
829 1.36507 2.95753
830 1.34414 3.03922
831 1.31623 3.11893
832 1.28193 3.19624
833 1.24178 3.27082
834 1.19627 3.34238
835 1.14588 3.41072
836 1.09104 3.47564
837 1.03213 3.53701
838 0.969522 3.5947
839 0.90357 3.64861
840 0.83459 3.69868
841 0.762884 3.74483
842 0.688737 3.78702
843 0.612418 3.8252
844 0.534184 3.85935
845 0.454279 3.88944
846 0.372937 3.91546
847 0.290383 3.93738
848 0.206837 3.95521
849 0.122509 3.96893
850 0.0376069 3.97854
851 -0.0476675 3.98405
852 -0.133115 3.98546
853 -0.218537 3.98278
854 -0.303739 3.97602
855 -0.388526 3.96518
856 -0.4727 3.95028
857 -0.556065 3.93135
858 -0.638421 3.90839
859 -0.719566 3.88143
860 -0.799292 3.8505
861 -0.877387 3.81562
862 -0.953634 3.77683
863 -1.02781 3.73418
864 -1.09967 3.6877
865 -1.16899 3.63745
866 -1.2355 3.5835
867 -1.29893 3.52591
868 -1.35902 3.46477
869 -1.41546 3.40018
870 -1.46793 3.33225
871 -1.51612 3.26114
872 -1.55966 3.187
873 -1.59817 3.11003
874 -1.63127 3.03047
875 -1.65853 2.94861
876 -1.6795 2.86479
877 -1.69372 2.77944
878 -1.70068 2.69308
879 -1.6999 2.60634
880 -1.69086 2.52001
881 -1.67311 2.43506
882 -1.64621 2.35271
883 -1.60988 2.27444
884 -1.56399 2.20212
885 -1.50875 2.138
886 -1.44477 2.08477
887 -1.37327 2.04546
888 -1.29618 2.02322
889 -1.21621 2.02077
890 -1.1368 2.03966
891 -1.06184 2.07953
892 -0.995303 2.13783
893 -0.940697 2.2104
894 -0.900526 2.29244
895 -0.876022 2.3795
896 -0.86722 2.46793
897 -0.873274 2.55498
898 -0.892819 2.63867
899 -0.924277 2.71769
900 -0.966049 2.79114
901 -1.01662 2.85848
902 -1.07463 2.9194
903 -1.13884 2.97375
904 -1.2082 3.02151
905 -1.28177 3.06273
906 -1.35872 3.09751
907 -1.43836 3.12598
908 -1.52005 3.14832
909 -1.60326 3.16469
910 -1.6875 3.17528
911 -1.77234 3.18028
912 -1.8574 3.17988
913 -1.94234 3.17426
914 -2.02685 3.1636
915 -2.11066 3.14809
916 -2.19351 3.1279
917 -2.27517 3.10321
918 -2.35541 3.07418
919 -2.43405 3.04097
920 -2.5109 3.00376
921 -2.58578 2.9627
922 -2.65852 2.91794
923 -2.72898 2.86963
924 -2.797 2.81793
925 -2.86243 2.76298
926 -2.92515 2.70494
927 -2.98501 2.64395
928 -3.04189 2.58016
929 -3.09565 2.51372
930 -3.14617 2.44477
931 -3.19333 2.37348
932 -3.23701 2.29999
933 -3.27707 2.22446
934 -3.3134 2.14705
935 -3.34587 2.06794
936 -3.37436 1.9873
937 -3.39875 1.90531
938 -3.41891 1.82215
939 -3.43471 1.73804
940 -3.44602 1.65318
941 -3.45272 1.5678
942 -3.45468 1.48215
943 -3.45176 1.39647
944 -3.44383 1.31107
945 -3.43076 1.22624
946 -3.41243 1.14232
947 -3.38872 1.05968
948 -3.35951 0.978725
949 -3.3247 0.899905
950 -3.28421 0.823723
951 -3.23797 0.750739
952 -3.18599 0.681584
953 -3.12828 0.616963
954 -3.06497 0.557674
955 -2.99627 0.504614
956 -2.92257 0.458792
957 -2.84444 0.421333
958 -2.76274 0.393483
959 -2.67873 0.376591
960 -2.59416 0.372069
961 -2.51137 0.38131
962 -2.43337 0.405532
963 -2.36376 0.445516
964 -2.30637 0.501214
965 -2.26473 0.571279
966 -2.2413 0.652703
967 -2.23705 0.740916
968 -2.25142 0.830515
969 -2.2827 0.916358
970 -2.32851 0.994418
971 -2.38622 1.0621
972 -2.45326 1.11806
973 -2.52723 1.16193
974 -2.60607 1.1939
975 -2.68804 1.21452
976 -2.77167 1.22452
977 -2.85579 1.22466
978 -2.93944 1.21574
979 -3.02187 1.19853
980 -3.10246 1.17372
981 -3.18072 1.142
982 -3.25625 1.10397
983 -3.32876 1.06021
984 -3.39797 1.01122
985 -3.46371 0.957496
986 -3.52579 0.89947
987 -3.58411 0.837552
988 -3.63856 0.772119
989 -3.68906 0.703522
990 -3.73555 0.632088
991 -3.77799 0.558125
992 -3.81633 0.481921
993 -3.85055 0.403749
994 -3.88064 0.323867
995 -3.90658 0.242522
996 -3.92838 0.159951
997 -3.94601 0.0763787
998 -3.9595 -0.00797491
999 -3.96885 -0.0928976
1000 -3.97407 -0.178183
1001 -3.97517 -0.263627
1002 -3.97216 -0.349032
1003 -3.96506 -0.434202
1004 -3.9539 -0.518939
1005 -3.9387 -0.603051
1006 -3.91947 -0.686343
1007 -3.89625 -0.768617
1008 -3.86907 -0.849678
1009 -3.83796 -0.929322
1010 -3.80296 -1.00735
1011 -3.76411 -1.08354
1012 -3.72146 -1.15769
1013 -3.67505 -1.22958
1014 -3.62495 -1.29896
1015 -3.57122 -1.36561
1016 -3.51395 -1.42928
1017 -3.4532 -1.4897
1018 -3.3891 -1.5466
1019 -3.32174 -1.59969
1020 -3.25126 -1.64867
1021 -3.17782 -1.69322
1022 -3.1016 -1.73299
1023 -3.02282 -1.76763
1024 -2.94173 -1.79675
1025 -2.85863 -1.81995
1026 -2.77391 -1.8368
1027 -2.68798 -1.84686
1028 -2.6014 -1.84967
1029 -2.5148 -1.84476
1030 -2.42899 -1.83169
1031 -2.34495 -1.81002
1032 -2.26388 -1.77941
1033 -2.18726 -1.73961
1034 -2.11693 -1.6906
1035 -2.05508 -1.63266
1036 -2.00433 -1.56651
1037 -1.9676 -1.49347
1038 -1.94795 -1.41558
1039 -1.94802 -1.33563
1040 -1.96931 -1.25707
1041 -2.01144 -1.18377
1042 -2.07185 -1.11956
1043 -2.14629 -1.0678
1044 -2.22985 -1.03082
1045 -2.31793 -1.00972
1046 -2.40679 -1.00443
1047 -2.49366 -1.01403
1048 -2.57658 -1.03705
1049 -2.65425 -1.07187
1050 -2.72585 -1.11682
1051 -2.79088 -1.17036
1052 -2.84909 -1.23108
1053 -2.90041 -1.29775
1054 -2.94484 -1.36927
1055 -2.9825 -1.44471
1056 -3.01351 -1.52324
1057 -3.03807 -1.60416
1058 -3.05636 -1.68684
1059 -3.06859 -1.77075
1060 -3.07498 -1.8554
1061 -3.07572 -1.94037
1062 -3.07104 -2.0253
1063 -3.06113 -2.10984
1064 -3.04621 -2.1937
1065 -3.02645 -2.27661
1066 -3.00207 -2.35832
1067 -2.97323 -2.4386
1068 -2.94013 -2.51726
1069 -2.90294 -2.59409
1070 -2.86183 -2.66892
1071 -2.81697 -2.74158
1072 -2.76852 -2.81192
1073 -2.71664 -2.87979
1074 -2.6615 -2.94505
1075 -2.60325 -3.00756
1076 -2.54204 -3.06719
1077 -2.47804 -3.12382
1078 -2.41139 -3.17732
1079 -2.34226 -3.22758
1080 -2.27079 -3.27447
1081 -2.19716 -3.31788
1082 -2.12151 -3.3577
1083 -2.04401 -3.3938
1084 -1.96484 -3.42609
1085 -1.88416 -3.45444
1086 -1.80216 -3.47875
1087 -1.71902 -3.49888
1088 -1.63494 -3.51475
1089 -1.55013 -3.52621
1090 -1.46481 -3.53317
1091 -1.3792 -3.5355
1092 -1.29356 -3.53309
1093 -1.20815 -3.52583
1094 -1.12327 -3.51358
1095 -1.03921 -3.49626
1096 -0.956324 -3.47374
1097 -0.87498 -3.44592
1098 -0.795587 -3.41272
1099 -0.718596 -3.37406
1100 -0.644508 -3.32987
1101 -0.57388 -3.28013
1102 -0.507334 -3.22486
1103 -0.445567 -3.16413
1104 -0.389359 -3.09808
1105 -0.339585 -3.02697
1106 -0.29722 -2.95122
1107 -0.263345 -2.87144
1108 -0.239147 -2.78855
1109 -0.225894 -2.70381
1110 -0.224899 -2.61901
1111 -0.237431 -2.53651
1112 -0.264566 -2.45931
1113 -0.30694 -2.39101
1114 -0.364389 -2.33543
1115 -0.43551 -2.29609
1116 -0.517317 -2.27543
1117 -0.605312 -2.2743
1118 -0.694159 -2.29198
1119 -0.778745 -2.32655
1120 -0.855053 -2.37546
1121 -0.920499 -2.43593
1122 -0.973796 -2.50528
1123 -1.01462 -2.58111
1124 -1.04324 -2.66131
1125 -1.06028 -2.74413
1126 -1.06654 -2.82814
1127 -1.06285 -2.91218
1128 -1.05007 -2.99533
1129 -1.02899 -3.07685
1130 -1.00038 -3.15615
1131 -0.964919 -3.23277
1132 -0.923262 -3.30636
1133 -0.875993 -3.37661
1134 -0.823649 -3.44331
1135 -0.766723 -3.50628
1136 -0.705667 -3.56538
1137 -0.640899 -3.62051
1138 -0.572804 -3.67158
1139 -0.50174 -3.71854
1140 -0.428039 -3.76133
1141 -0.352012 -3.79994
1142 -0.27395 -3.83433
1143 -0.19413 -3.86451
1144 -0.112812 -3.89046
1145 -0.0302433 -3.91219
1146 0.0533391 -3.9297
1147 0.137708 -3.94301
1148 0.222644 -3.95213
1149 0.307935 -3.95708
1150 0.393375 -3.95788
1151 0.478761 -3.95456
1152 0.563896 -3.94714
1153 0.648584 -3.93566
1154 0.732631 -3.92013
1155 0.815844 -3.90059
1156 0.898029 -3.87709
1157 0.978994 -3.84965
1158 1.05854 -3.81832
1159 1.13647 -3.78314
1160 1.21259 -3.74417
1161 1.28668 -3.70145
1162 1.35854 -3.65504
1163 1.42794 -3.605
1164 1.49467 -3.55141
1165 1.55848 -3.49435
1166 1.61914 -3.4339
1167 1.67639 -3.37016
1168 1.72995 -3.30325
1169 1.77957 -3.23329
1170 1.82493 -3.16043
1171 1.86572 -3.08485
1172 1.90163 -3.00675
1173 1.93229 -2.92635
1174 1.95736 -2.84392
1175 1.97644 -2.7598
1176 1.98912 -2.67436
1177 1.99501 -2.58806
1178 1.99365 -2.50145
1179 1.98464 -2.4152
1180 1.96755 -2.3301
1181 1.94201 -2.24715
1182 1.90773 -2.16754
1183 1.86453 -2.09274
1184 1.81248 -2.02453
1185 1.75192 -1.96508
1186 1.68369 -1.91691
1187 1.6092 -1.88285
1188 1.53059 -1.86584
1189 1.45071 -1.86843
1190 1.37307 -1.89208
1191 1.30147 -1.93639
1192 1.23965 -1.9988
1193 1.19079 -2.07498
1194 1.15705 -2.15991
1195 1.1394 -2.24887
1196 1.13765 -2.33803
1197 1.15077 -2.42459
1198 1.17724 -2.50659
1199 1.21535 -2.58278
1200 1.26339 -2.65239
1201 1.31979 -2.71498
1202 1.3831 -2.77038
1203 1.45206 -2.81855
1204 1.52559 -2.85957
1205 1.60273 -2.89358
1206 1.68265 -2.92077
1207 1.76466 -2.94135
1208 1.84813 -2.95556
1209 1.93253 -2.96362
1210 2.01739 -2.96579
1211 2.10228 -2.96228
1212 2.18686 -2.95333
1213 2.27079 -2.93917
1214 2.35378 -2.92001
1215 2.43557 -2.89607
1216 2.51593 -2.86756
1217 2.59463 -2.83466
1218 2.67148 -2.79757
1219 2.7463 -2.75649
1220 2.81892 -2.71159
1221 2.88918 -2.66304
1222 2.95693 -2.61103
1223 3.02203 -2.55573
1224 3.08435 -2.49729
1225 3.14377 -2.43589
1226 3.20016 -2.37168
1227 3.2534 -2.30484
1228 3.30338 -2.23552
1229 3.35 -2.16388
1230 3.39313 -2.09008
1231 3.43268 -2.0143
1232 3.46853 -1.9367
1233 3.50059 -1.85744
1234 3.52875 -1.77671
1235 3.5529 -1.69468
1236 3.57295 -1.61153
1237 3.58879 -1.52747
1238 3.60031 -1.44269
1239 3.60741 -1.35741
1240 3.61 -1.27184
1241 3.60796 -1.18623
1242 3.60119 -1.10083
1243 3.58959 -1.0159
1244 3.57307 -0.93175
1245 3.55152 -0.848681
1246 3.52487 -0.767039
1247 3.49302 -0.687196
1248 3.45591 -0.609563
1249 3.41348 -0.534591
1250 3.36571 -0.462777
1251 3.31259 -0.394673
1252 3.25416 -0.330895
1253 3.19053 -0.272127
1254 3.12189 -0.21913
1255 3.04853 -0.172756
1256 2.97089 -0.133945
1257 2.88963 -0.103735
1258 2.8057 -0.0832487
1259 2.7204 -0.0736784
1260 2.63553 -0.0762359
1261 2.55344 -0.0920683
1262 2.47716 -0.122111
1263 2.41025 -0.166856
1264 2.35654 -0.226019
1265 2.31953 -0.298133
1266 2.30161 -0.380232
1267 2.30356 -0.46789
1268 2.32449 -0.555849
1269 2.36229 -0.639042
1270 2.41422 -0.713471
1271 2.47735 -0.776576
1272 2.54893 -0.827113
1273 2.62647 -0.864816
1274 2.70788 -0.890037
1275 2.79141 -0.903476
1276 2.87563 -0.905992
1277 2.95943 -0.898493
1278 3.04189 -0.881876
1279 3.12232 -0.856993
1280 3.20016 -0.824635
1281 3.27497 -0.785532
1282 3.34643 -0.740348
1283 3.41427 -0.689693
1284 3.47829 -0.634121
1285 3.53835 -0.574138
1286 3.59431 -0.510208
1287 3.64611 -0.442756
1288 3.69368 -0.372174
1289 3.73697 -0.298827
1290 3.77596 -0.223049
1291 3.81064 -0.145156
1292 3.841 -0.0654427
1293 3.86705 0.0158153
1294 3.88879 0.0983557
1295 3.90624 0.18193
1296 3.91943 0.266301
1297 3.92838 0.351242
1298 3.9331 0.436535
1299 3.93365 0.521967
1300 3.93004 0.607333
1301 3.92231 0.692433
1302 3.9105 0.77707
1303 3.89465 0.86105
1304 3.87479 0.944181
1305 3.85098 1.02627
1306 3.82326 1.10713
1307 3.79168 1.18657
1308 3.75628 1.26439
1309 3.71713 1.34041
1310 3.67428 1.41441
1311 3.6278 1.4862
1312 3.57776 1.55558
1313 3.52423 1.62232
1314 3.46729 1.68621
1315 3.40703 1.74702
1316 3.34357 1.8045
1317 3.277 1.85843
1318 3.20746 1.90852
1319 3.13508 1.95453
1320 3.06003 1.99615
1321 2.9825 2.03309
1322 2.90271 2.06504
1323 2.82089 2.09166
1324 2.73733 2.11261
1325 2.65238 2.12752
1326 2.56644 2.13601
1327 2.47996 2.1377
1328 2.39353 2.13218
1329 2.30781 2.11907
1330 2.22362 2.098
1331 2.14193 2.06864
1332 2.06395 2.03075
1333 1.99112 1.98424
1334 1.92519 1.92923
1335 1.86826 1.86615
1336 1.82277 1.79593
1337 1.79145 1.72008
1338 1.77713 1.64081
1339 1.78226 1.56108
1340 1.80823 1.4844
1341 1.85466 1.41456
1342 1.91894 1.35518
1343 1.99673 1.30927
1344 2.08288 1.27883
1345 2.17258 1.26466
1346 2.2619 1.26645
1347 2.34801 1.28308
1348 2.42896 1.31295
1349 2.50353 1.35428
1350 2.57102 1.40533
1351 2.63107 1.46446
1352 2.68354 1.53022
1353 2.72847 1.60134
1354 2.76598 1.67671
1355 2.79628 1.75536
1356 2.81958 1.8365
1357 2.83615 1.9194
1358 2.84624 2.00345
1359 2.85012 2.08814
1360 2.84806 2.17299
1361 2.84031 2.25759
1362 2.82712 2.34161
1363 2.80874 2.42471
1364 2.78541 2.50662
1365 2.75734 2.58708
1366 2.72477 2.66588
1367 2.68789 2.74279
1368 2.64692 2.81764
1369 2.60206 2.89025
1370 2.55348 2.96047
1371 2.50139 3.02813
1372 2.44596 3.09311
1373 2.38737 3.15528
1374 2.3258 3.2145
1375 2.26141 3.27066
1376 2.19438 3.32366
1377 2.12487 3.37337
1378 2.05305 3.41971
1379 1.9791 3.46255
1380 1.90318 3.50181
1381 1.82545 3.53739
1382 1.7461 3.56919
1383 1.66529 3.59711
1384 1.58322 3.62106
1385 1.50005 3.64096
1386 1.41598 3.6567
1387 1.33122 3.66819
1388 1.24596 3.67534
1389 1.16043 3.67806
1390 1.07485 3.67626
1391 0.989455 3.66985
1392 0.904512 3.65874
1393 0.820291 3.64285
1394 0.737087 3.62208
1395 0.655217 3.59637
1396 0.575024 3.56565
1397 0.496884 3.52985
1398 0.421204 3.48892
1399 0.348435 3.44283
1400 0.27907 3.39158
1401 0.213656 3.3352
1402 0.152797 3.27376
1403 0.0971648 3.20739
1404 0.0475031 3.1363
1405 0.00463543 3.06084
1406 -0.0305312 2.98148
1407 -0.0570065 2.89892
1408 -0.0737269 2.81412
1409 -0.0795793 2.72841
1410 -0.0734505 2.64362
1411 -0.0543139 2.56209
1412 -0.0213727 2.48684
1413 0.025721 2.42142
1414 0.0865582 2.36963
1415 0.159606 2.33495
1416 0.241907 2.31975
1417 0.329113 2.32473
1418 0.416053 2.34886
1419 0.49772 2.38982
1420 0.570148 2.44468
1421 0.630805 2.51039
1422 0.678497 2.58407
1423 0.713019 2.66321
1424 0.734801 2.74569
1425 0.744614 2.82976
1426 0.74339 2.91404
1427 0.732099 2.99741
1428 0.711691 3.07902
1429 0.683063 3.15818
1430 0.647041 3.23438
1431 0.604386 3.30722
1432 0.555787 3.37638
1433 0.501872 3.44165
1434 0.443211 3.50284
1435 0.380322 3.55983
1436 0.313679 3.61252
1437 0.243715 3.66086
1438 0.170829 3.7048
1439 0.0953867 3.74432
1440 0.0177298 3.77941
1441 -0.0618254 3.81007
1442 -0.142983 3.83632
1443 -0.225465 3.85817
1444 -0.30901 3.87565
1445 -0.393369 3.88879
1446 -0.478306 3.89761
1447 -0.563594 3.90217
1448 -0.649015 3.90249
1449 -0.73436 3.89863
1450 -0.819426 3.89061
1451 -0.904012 3.8785
1452 -0.987925 3.86233
1453 -1.07097 3.84215
1454 -1.15296 3.81803
1455 -1.23371 3.79001
1456 -1.31303 3.75814
1457 -1.39073 3.72249
1458 -1.46662 3.68313
1459 -1.54051 3.64011
1460 -1.61221 3.5935
1461 -1.68151 3.54339
1462 -1.74822 3.48984
1463 -1.81212 3.43295
1464 -1.873 3.37282
1465 -1.93065 3.30953
1466 -1.98482 3.24321
1467 -2.03528 3.17399
1468 -2.08177 3.10199
1469 -2.12405 3.02738
1470 -2.16182 2.95033
1471 -2.19482 2.87105
1472 -2.22273 2.78976
1473 -2.24523 2.70672
1474 -2.26201 2.62224
1475 -2.27272 2.53667
1476 -2.27699 2.45043
1477 -2.27448 2.36399
1478 -2.26481 2.27793
1479 -2.24763 2.19294
1480 -2.22262 2.10984
1481 -2.1895 2.0296
1482 -2.14808 1.95342
1483 -2.09833 1.88271
1484 -2.04045 1.8192
1485 -1.97496 1.7649
1486 -1.90285 1.72219
1487 -1.82572 1.6937
1488 -1.74589 1.68211
1489 -1.66636 1.68978
1490 -1.5907 1.71805
1491 -1.52266 1.7665
1492 -1.46576 1.83256
1493 -1.42285 1.91181
1494 -1.39574 1.99905
1495 -1.38508 2.08934
1496 -1.39042 2.17868
1497 -1.41054 2.26419
1498 -1.44376 2.34395
1499 -1.48825 2.41678
1500 -1.5422 2.48204
1501 -1.60395 2.53942
1502 -1.67203 2.58886
1503 -1.74514 2.63046
1504 -1.82217 2.66439
1505 -1.90217 2.69091
1506 -1.98432 2.71028
1507 -2.06792 2.72279
1508 -2.15236 2.72875
1509 -2.23712 2.72844
1510 -2.32175 2.72216
1511 -2.40586 2.71019
1512 -2.48909 2.6928
1513 -2.57116 2.67026
1514 -2.65178 2.64281
1515 -2.73071 2.61069
1516 -2.80773 2.57415
1517 -2.88266 2.53339
1518 -2.95532 2.48865
1519 -3.02553 2.44011
1520 -3.09315 2.388
1521 -3.15804 2.33249
1522 -3.22008 2.27379
1523 -3.27914 2.21207
1524 -3.33511 2.14752
1525 -3.38787 2.08032
1526 -3.43733 2.01064
1527 -3.48339 1.93866
1528 -3.52594 1.86455
1529 -3.56491 1.78848
1530 -3.60019 1.71062
1531 -3.6317 1.63116
1532 -3.65935 1.55028
1533 -3.68307 1.46814
1534 -3.70275 1.38493
1535 -3.71833 1.30085
1536 -3.72972 1.21609
1537 -3.73683 1.13085
1538 -3.7396 1.04534
1539 -3.73793 0.959779
1540 -3.73175 0.874403
1541 -3.72099 0.789453
1542 -3.70556 0.70519
1543 -3.68541 0.62189
1544 -3.66046 0.53985
1545 -3.63065 0.459388
1546 -3.59593 0.380848
1547 -3.55626 0.304606
1548 -3.51162 0.231069
1549 -3.46199 0.160682
1550 -3.40739 0.0939356
1551 -3.34788 0.0313684
1552 -3.28356 -0.0264255
1553 -3.2146 -0.0787901
1554 -3.14124 -0.125001
1555 -3.06384 -0.164263
1556 -2.98293 -0.195704
1557 -2.89923 -0.21838
1558 -2.81373 -0.231289
1559 -2.72779 -0.233396
1560 -2.64322 -0.223684
1561 -2.5624 -0.201247
1562 -2.4883 -0.165422
1563 -2.42446 -0.116007
1564 -2.37464 -0.0535348
1565 -2.34231 0.0203866
1566 -2.3298 0.102806
1567 -2.33776 0.18945
1568 -2.36502 0.275245
1569 -2.40907 0.355256
1570 -2.46678 0.425563
1571 -2.53496 0.483671
1572 -2.61063 0.528436
1573 -2.69123 0.559719
1574 -2.77464 0.578024
1575 -2.8591 0.584199
1576 -2.94327 0.579243
1577 -3.02605 0.56419
1578 -3.10663 0.540041
1579 -3.18436 0.507736
1580 -3.25875 0.468138
1581 -3.32944 0.422035
1582 -3.39615 0.37014
1583 -3.45868 0.313098
1584 -3.5169 0.251493
1585 -3.57068 0.185856
1586 -3.61997 0.116669
1587 -3.66473 0.0443717
1588 -3.70494 -0.0306332
1589 -3.74058 -0.107975
1590 -3.77168 -0.187309
1591 -3.79825 -0.26832
1592 -3.82032 -0.350709
1593 -3.83792 -0.434199
1594 -3.85109 -0.518528
1595 -3.85988 -0.603449
1596 -3.86432 -0.688725
1597 -3.86448 -0.774133
1598 -3.8604 -0.859457
1599 -3.85213 -0.944488
1600 -3.83973 -1.02902
1601 -3.82326 -1.11287
1602 -3.80278 -1.19584
1603 -3.77834 -1.27773
1604 -3.75 -1.35836
1605 -3.71784 -1.43756
1606 -3.68192 -1.51512
1607 -3.64231 -1.59087
1608 -3.59908 -1.66463
1609 -3.5523 -1.7362
1610 -3.50206 -1.8054
1611 -3.44844 -1.87203
1612 -3.39154 -1.93589
1613 -3.33144 -1.99678
1614 -3.26826 -2.0545
1615 -3.20211 -2.10882
1616 -3.13312 -2.15953
1617 -3.06141 -2.2064
1618 -2.98715 -2.24917
1619 -2.9105 -2.28761
1620 -2.83165 -2.32144
1621 -2.75081 -2.3504
1622 -2.66823 -2.3742
1623 -2.58418 -2.39254
1624 -2.49898 -2.40511
1625 -2.413 -2.41158
1626 -2.32666 -2.41162
1627 -2.24045 -2.40491
1628 -2.15498 -2.39111
1629 -2.07091 -2.3699
1630 -1.98908 -2.341
1631 -1.91048 -2.30418
1632 -1.83625 -2.25931
1633 -1.76783 -2.20642
1634 -1.70686 -2.14577
1635 -1.65532 -2.07797
1636 -1.61549 -2.00407
1637 -1.58988 -1.92577
1638 -1.58107 -1.84545
1639 -1.5913 -1.7662
1640 -1.62183 -1.6916
1641 -1.67224 -1.62541
1642 -1.73994 -1.57104
1643 -1.82053 -1.53117
1644 -1.9087 -1.50743
1645 -1.99943 -1.50029
1646 -2.08865 -1.50918
1647 -2.17343 -1.53276
1648 -2.25187 -1.56928
1649 -2.32284 -1.61684
1650 -2.38574 -1.67359
1651 -2.44035 -1.73784
1652 -2.48667 -1.80809
1653 -2.52485 -1.88304
1654 -2.55514 -1.96157
1655 -2.57782 -2.04273
1656 -2.59321 -2.1257
1657 -2.60165 -2.20979
1658 -2.60346 -2.29441
1659 -2.59897 -2.37904
1660 -2.58849 -2.46325
1661 -2.57234 -2.54665
1662 -2.55079 -2.6289
1663 -2.52414 -2.70971
1664 -2.49264 -2.78883
1665 -2.45656 -2.86603
1666 -2.41614 -2.94109
1667 -2.37162 -3.01384
1668 -2.32321 -3.0841
1669 -2.27115 -3.15173
1670 -2.21563 -3.21658
1671 -2.15686 -3.27854
1672 -2.09504 -3.33747
1673 -2.03036 -3.39326
1674 -1.96301 -3.44582
1675 -1.89317 -3.49505
1676 -1.82103 -3.54084
1677 -1.74676 -3.58311
1678 -1.67055 -3.62178
1679 -1.59257 -3.65676
1680 -1.51299 -3.68796
1681 -1.43201 -3.71533
1682 -1.3498 -3.73876
1683 -1.26655 -3.7582
1684 -1.18244 -3.77357
1685 -1.09767 -3.78479
1686 -1.01244 -3.7918
1687 -0.926942 -3.79452
1688 -0.841405 -3.79288
1689 -0.756046 -3.78683
1690 -0.671101 -3.77629
1691 -0.586815 -3.7612
1692 -0.503451 -3.7415
1693 -0.421287 -3.71714
1694 -0.340622 -3.68807
1695 -0.261773 -3.65423
1696 -0.185086 -3.61561
1697 -0.110934 -3.57217
1698 -0.0397224 -3.52392
1699 0.0281075 -3.47086
1700 0.092072 -3.41305
1701 0.151641 -3.35055
1702 0.206232 -3.28351
1703 0.255205 -3.21211
1704 0.297858 -3.13664
1705 0.333422 -3.05748
1706 0.361063 -2.97519
1707 0.379885 -2.89053
1708 0.388945 -2.8045
1709 0.387286 -2.71849
1710 0.373987 -2.63431
1711 0.348258 -2.55433
1712 0.309572 -2.48151
1713 0.257865 -2.41934
1714 0.1938 -2.37155
1715 0.119062 -2.34157
1716 0.0366049 -2.33174
1717 -0.0493714 -2.34263
1718 -0.133899 -2.37293
1719 -0.212129 -2.41999
1720 -0.280199 -2.48046
1721 -0.33566 -2.55101
1722 -0.377421 -2.62855
1723 -0.405412 -2.71049
1724 -0.42021 -2.79467
1725 -0.422739 -2.87938
1726 -0.414068 -2.96327
1727 -0.39529 -3.0453
1728 -0.367458 -3.12467
1729 -0.331553 -3.2008
1730 -0.288473 -3.27321
1731 -0.239033 -3.3416
1732 -0.183968 -3.4057
1733 -0.123939 -3.46536
1734 -0.0595443 -3.52045
1735 0.00867604 -3.57091
1736 0.0802327 -3.61668
1737 0.15468 -3.65774
1738 0.231611 -3.69411
1739 0.310653 -3.7258
1740 0.39146 -3.75282
1741 0.473715 -3.77523
1742 0.557121 -3.79306
1743 0.641399 -3.80636
1744 0.72629 -3.81519
1745 0.811548 -3.81961
1746 0.896939 -3.81966
1747 0.98224 -3.81542
1748 1.06724 -3.80694
1749 1.15173 -3.7943
1750 1.23551 -3.77755
1751 1.31839 -3.75677
1752 1.40019 -3.73202
1753 1.48071 -3.70338
1754 1.55977 -3.67092
1755 1.63719 -3.63471
1756 1.7128 -3.59483
1757 1.7864 -3.55135
1758 1.85782 -3.50437
1759 1.92689 -3.45396
1760 1.9934 -3.40022
1761 2.05717 -3.34324
1762 2.11802 -3.28313
1763 2.17575 -3.21998
1764 2.23015 -3.15393
1765 2.28101 -3.08508
1766 2.32813 -3.01359
1767 2.37127 -2.93959
1768 2.41022 -2.86325
1769 2.44472 -2.78476
1770 2.47452 -2.7043
1771 2.49938 -2.62212
1772 2.519 -2.53846
1773 2.53312 -2.45361
1774 2.54144 -2.3679
1775 2.54366 -2.28171
1776 2.53948 -2.19548
1777 2.52859 -2.10972
1778 2.51068 -2.02502
1779 2.48549 -1.94207
1780 2.45276 -1.8617
1781 2.41231 -1.78489
1782 2.36408 -1.7128
1783 2.30815 -1.64679
1784 2.24484 -1.5885
1785 2.17483 -1.53983
1786 2.09926 -1.50297
1787 2.01989 -1.48032
1788 1.93918 -1.47433
1789 1.86027 -1.48712
1790 1.78679 -1.51989
1791 1.72248 -1.57217
1792 1.67066 -1.64142
1793 1.63386 -1.7232
1794 1.61351 -1.81216
1795 1.60992 -1.90319
1796 1.62235 -1.99214
1797 1.64937 -2.07605
1798 1.68912 -2.15304
1799 1.73967 -2.22202
1800 1.79911 -2.28246
1801 1.86573 -2.3342
1802 1.93801 -2.37731
1803 2.01463 -2.412
1804 2.09449 -2.43858
1805 2.17662 -2.45738
1806 2.26022 -2.46877
1807 2.34461 -2.47311
1808 2.42921 -2.47078
1809 2.51351 -2.46212
1810 2.59708 -2.44747
1811 2.67956 -2.42717
1812 2.76062 -2.40153
1813 2.83998 -2.37084
1814 2.9174 -2.33538
1815 2.99266 -2.29543
1816 3.06556 -2.25124
1817 3.13594 -2.20306
1818 3.20363 -2.15113
1819 3.2685 -2.09566
1820 3.33041 -2.03688
1821 3.38926 -1.97501
1822 3.44493 -1.91024
1823 3.49731 -1.84277
1824 3.54633 -1.7728
1825 3.59188 -1.70051
1826 3.63388 -1.6261
1827 3.67226 -1.54975
1828 3.70693 -1.47164
1829 3.73783 -1.39195
1830 3.76488 -1.31087
1831 3.78802 -1.22858
1832 3.80718 -1.14527
1833 3.82229 -1.06113
1834 3.8333 -0.97634
1835 3.84013 -0.891104
1836 3.84274 -0.805623
1837 3.84106 -0.720104
1838 3.83503 -0.634766
1839 3.8246 -0.549832
1840 3.80973 -0.46554
1841 3.79035 -0.382138
1842 3.76643 -0.29989
1843 3.73792 -0.219076
1844 3.7048 -0.139992
1845 3.66703 -0.0629589
1846 3.6246 0.0116805
1847 3.5775 0.0835553
1848 3.52576 0.152264
1849 3.46941 0.217369
1850 3.40851 0.278395
1851 3.34318 0.334821
1852 3.27357 0.386079
1853 3.1999 0.431544
1854 3.12248 0.470539
1855 3.04174 0.502322
1856 2.95826 0.526097
1857 2.8728 0.541016
1858 2.78642 0.546198
1859 2.70051 0.540761
1860 2.61688 0.523879
1861 2.53789 0.494875
1862 2.46647 0.453353
1863 2.40605 0.399391
1864 2.36035 0.333776
1865 2.33276 0.25828
1866 2.32557 0.175861
1867 2.33932 0.0906513
1868 2.3726 0.00750763
1869 2.42257 -0.0688212
1870 2.48571 -0.134542
1871 2.55851 -0.187261
1872 2.63781 -0.225946
1873 2.72095 -0.250596
1874 2.80576 -0.261864
1875 2.89055 -0.260747
1876 2.97401 -0.248383
1877 3.05512 -0.225924
1878 3.13313 -0.194473
1879 3.20748 -0.155053
1880 3.27777 -0.108594
1881 3.34369 -0.0559353
1882 3.40504 0.00216695
1883 3.46168 0.0650353
1884 3.51352 0.13206
1885 3.56052 0.202694
1886 3.60266 0.27644
1887 3.63993 0.352848
1888 3.67238 0.431509
1889 3.70002 0.512047
1890 3.72291 0.594118
1891 3.7411 0.677403
1892 3.75464 0.761607
1893 3.76362 0.846453
1894 3.76808 0.931683
1895 3.76811 1.01705
1896 3.76377 1.10233
1897 3.75514 1.1873
1898 3.7423 1.27175
1899 3.72531 1.35547
1900 3.70426 1.43828
1901 3.67922 1.51997
1902 3.65028 1.60038
1903 3.61752 1.67931
1904 3.58101 1.75659
1905 3.54084 1.83203
1906 3.4971 1.90547
1907 3.44988 1.97673
1908 3.39927 2.04563
1909 3.34537 2.112
1910 3.28827 2.17565
1911 3.22809 2.23641
1912 3.16492 2.29408
1913 3.0989 2.34848
1914 3.03014 2.39942
1915 2.95878 2.44669
1916 2.88497 2.49009
1917 2.80888 2.52941
1918 2.73066 2.56441
1919 2.65052 2.59489
1920 2.56867 2.62059
1921 2.48534 2.64127
1922 2.40081 2.65668
1923 2.31537 2.66654
1924 2.22936 2.6706
1925 2.14318 2.66856
1926 2.05727 2.66015
1927 1.97215 2.6451
1928 1.88842 2.62313
1929 1.80678 2.594
1930 1.72806 2.55751
1931 1.65322 2.51353
1932 1.58341 2.46204
1933 1.51996 2.40317
1934 1.46447 2.33731
1935 1.41878 2.26521
1936 1.38497 2.18809
1937 1.36535 2.10775
1938 1.36222 2.02674
1939 1.37759 1.94824
1940 1.41256 1.87594
1941 1.46665 1.81354
1942 1.53733 1.76431
1943 1.62017 1.7306
1944 1.70977 1.71366
1945 1.80095 1.71361
1946 1.88948 1.72957
1947 1.97239 1.75999
1948 2.0478 1.80292
1949 2.11467 1.85637
1950 2.17254 1.91839
1951 2.22132 1.98725
1952 2.26113 2.0614
1953 2.29227 2.13954
1954 2.31509 2.22054
1955 2.32997 2.30346
1956 2.33733 2.38751
1957 2.33758 2.472
1958 2.33111 2.55636
1959 2.31831 2.64012
1960 2.29954 2.72285
1961 2.27515 2.80421
1962 2.24547 2.88387
1963 2.21082 2.96158
1964 2.1715 3.0371
1965 2.12778 3.11023
1966 2.07994 3.18079
1967 2.02823 3.24861
1968 1.9729 3.31355
1969 1.91419 3.37549
1970 1.85231 3.43431
1971 1.78749 3.48989
1972 1.71994 3.54215
1973 1.64986 3.59099
1974 1.57745 3.63632
1975 1.50291 3.67808
1976 1.42643 3.71618
1977 1.3482 3.75056
1978 1.2684 3.78115
1979 1.18722 3.80789
1980 1.10485 3.83071
1981 1.02148 3.84956
1982 0.937292 3.86439
1983 0.852479 3.87514
1984 0.767236 3.88175
1985 0.681762 3.88418
1986 0.596261 3.88238
1987 0.510944 3.8763
1988 0.42603 3.8659
1989 0.341745 3.85113
1990 0.258328 3.83195
1991 0.176028 3.80834
1992 0.0951106 3.78026
1993 0.015854 3.74768
1994 -0.0614436 3.71059
1995 -0.136464 3.66897
1996 -0.208867 3.62284
1997 -0.278283 3.5722
1998 -0.344316 3.5171
1999 -0.406535 3.45759
2000 -0.464473 3.39376
