n	v_eff	rho
0 0 3
1 450 3.00998
2 481 3.01994
3 512.482 3.02986
4 544.404 3.03975
5 576.725 3.0496
6 609.408 3.05943
7 642.415 3.06922
8 675.713 3.07897
9 709.267 3.08869
10 743.047 3.09838
11 777.022 3.10803
12 811.165 3.11764
13 845.448 3.12722
14 879.846 3.13676
15 914.334 3.14627
16 948.889 3.15574
17 983.491 3.16517
18 1018.12 3.17457
19 1052.75 3.18393
20 1087.37 3.19325
21 1121.96 3.20253
22 1156.5 3.21178
23 1190.98 3.22099
24 1225.39 3.23017
25 1259.7 3.2393
26 1293.91 3.2484
27 1328.01 3.25746
28 1361.98 3.26648
29 1395.81 3.27547
30 1429.5 3.28442
31 1463.03 3.29333
32 1496.4 3.3022
33 1529.59 3.31104
34 1562.6 3.31984
35 1595.43 3.3286
36 1628.06 3.33732
37 1660.49 3.34601
38 1692.71 3.35466
39 1724.72 3.36328
40 1756.52 3.37185
41 1788.1 3.38039
42 1819.45 3.38889
43 1850.58 3.39736
44 1881.48 3.40579
45 1912.14 3.41418
46 1942.57 3.42254
47 1972.75 3.43086
48 2002.7 3.43915
49 2032.41 3.4474
50 2061.87 3.45561
51 2091.08 3.46379
52 2120.05 3.47193
53 2148.77 3.48004
54 2177.24 3.48812
55 2205.46 3.49615
56 2233.44 3.50416
57 2261.16 3.51213
58 2288.64 3.52006
59 2315.86 3.52796
60 2342.84 3.53583
61 2369.57 3.54366
62 2396.04 3.55146
63 2422.27 3.55922
64 2448.26 3.56695
65 2474 3.57465
66 2499.49 3.58232
67 2524.73 3.58995
68 2549.74 3.59755
69 2574.5 3.60512
70 2599.02 3.61265
71 2623.3 3.62016
72 2647.34 3.62763
73 2671.15 3.63507
74 2694.71 3.64247
75 2718.05 3.64985
76 2741.15 3.65719
77 2764.02 3.66451
78 2786.66 3.67179
79 2809.07 3.67904
80 2831.26 3.68627
81 2853.22 3.69346
82 2874.96 3.70062
83 2896.48 3.70775
84 2917.78 3.71485
85 2938.86 3.72192
86 2959.73 3.72897
87 2980.38 3.73598
88 3000.82 3.74296
89 3021.05 3.74992
90 3041.08 3.75685
91 3060.89 3.76374
92 3080.5 3.77061
93 3099.91 3.77746
94 3119.12 3.78427
95 3138.13 3.79106
96 3156.95 3.79781
97 3175.56 3.80455
98 3193.99 3.81125
99 3212.22 3.81793
100 3230.27 3.82458
101 3248.13 3.8312
102 3265.8 3.83779
103 3283.29 3.84436
104 3300.59 3.85091
105 3317.72 3.85742
106 3334.67 3.86392
107 3351.44 3.87038
108 3368.04 3.87682
109 3384.47 3.88324
110 3400.72 3.88963
111 3416.81 3.89599
112 3432.72 3.90233
113 3448.48 3.90864
114 3464.07 3.91493
115 3479.5 3.9212
116 3494.76 3.92744
117 3509.87 3.93366
118 3524.82 3.93985
119 3539.62 3.94602
120 3554.27 3.95217
121 3568.76 3.95829
122 3583.1 3.96439
123 3597.29 3.97046
124 3611.34 3.97652
125 3625.24 3.98255
126 3639 3.98855
127 3652.62 3.99454
128 3666.1 4.0005
129 3679.43 4.00644
130 3692.63 4.01236
131 3705.7 4.01825
132 3718.63 4.02413
133 3731.43 4.02998
134 3744.09 4.03581
135 3756.63 4.04162
136 3769.03 4.04741
137 3781.32 4.05317
138 3793.47 4.05892
139 3805.5 4.06464
140 3817.41 4.07035
141 3829.2 4.07603
142 3840.86 4.08169
143 3852.41 4.08733
144 3863.84 4.09296
145 3875.16 4.09856
146 3886.36 4.10414
147 3897.44 4.1097
148 3908.42 4.11525
149 3919.28 4.12077
150 3930.03 4.12627
151 3940.68 4.13176
152 3951.22 4.13722
153 3961.65 4.14267
154 3971.97 4.1481
155 3982.2 4.15351
156 3992.32 4.1589
157 4002.34 4.16427
158 4012.26 4.16962
159 4022.08 4.17496
160 4031.8 4.18027
161 4041.42 4.18557
162 4050.95 4.19085
163 4060.38 4.19612
164 4069.72 4.20136
165 4078.97 4.20659
166 4088.13 4.2118
167 4097.19 4.21699
168 4106.17 4.22217
169 4115.05 4.22733
170 4123.85 4.23247
171 4132.56 4.23759
172 4141.19 4.2427
173 4149.73 4.24779
174 4158.19 4.25287
175 4166.56 4.25793
176 4174.85 4.26297
177 4183.06 4.26799
178 4191.2 4.273
179 4199.25 4.278
180 4207.22 4.28298
181 4215.11 4.28794
182 4222.93 4.29288
183 4230.67 4.29781
184 4238.34 4.30273
185 4245.93 4.30763
186 4253.45 4.31251
187 4260.9 4.31738
188 4268.27 4.32224
189 4275.58 4.32708
190 4282.81 4.3319
191 4289.97 4.33671
192 4297.07 4.3415
193 4304.09 4.34628
194 4311.05 4.35105
195 4317.95 4.3558
196 4324.77 4.36054
197 4331.53 4.36526
198 4338.23 4.36997
199 4344.86 4.37466
200 4351.43 4.37934
201 4357.94 4.38401
202 4364.38 4.38866
203 4370.76 4.3933
204 4377.09 4.39793
205 4383.35 4.40254
206 4389.55 4.40714
207 4395.7 4.41172
208 4401.79 4.4163
209 4407.81 4.42086
210 4413.79 4.4254
211 4419.7 4.42993
212 4425.56 4.43445
213 4431.37 4.43896
214 4437.12 4.44346
215 4442.82 4.44794
216 4448.46 4.45241
217 4454.05 4.45686
218 4459.59 4.46131
219 4465.08 4.46574
220 4470.51 4.47016
221 4475.9 4.47457
222 4481.23 4.47897
223 4486.52 4.48335
224 4491.75 4.48772
225 4496.94 4.49208
226 4502.08 4.49643
227 4507.17 4.50077
228 4512.22 4.50509
229 4517.21 4.50941
230 4522.17 4.51371
231 4527.07 4.518
232 4531.93 4.52228
233 4536.75 4.52655
234 4541.52 4.5308
235 4546.25 4.53505
236 4550.93 4.53928
237 4555.57 4.54351
238 4560.17 4.54772
239 4564.72 4.55192
240 4569.24 4.55612
241 4573.71 4.5603
242 4578.14 4.56447
243 4582.54 4.56863
244 4586.89 4.57278
245 4591.2 4.57692
246 4595.47 4.58105
247 4599.7 4.58516
248 4603.9 4.58927
249 4608.05 4.59337
250 4612.17 4.59746
251 4616.25 4.60154
252 4620.3 4.60561
253 4624.3 4.60967
254 4628.27 4.61372
255 4632.21 4.61776
256 4636.11 4.62179
257 4639.97 4.62581
258 4643.8 4.62982
259 4647.59 4.63382
260 4651.35 4.63781
261 4655.08 4.64179
262 4658.77 4.64577
263 4662.43 4.64973
264 4666.06 4.65369
265 4669.65 4.65763
266 4673.21 4.66157
267 4676.74 4.6655
268 4680.23 4.66942
269 4683.7 4.67333
270 4687.13 4.67723
271 4690.53 4.68112
272 4693.91 4.68501
273 4697.25 4.68888
274 4700.56 4.69275
275 4703.84 4.69661
276 4707.09 4.70046
277 4710.32 4.7043
278 4713.51 4.70814
279 4716.68 4.71196
280 4719.81 4.71578
281 4722.92 4.71959
282 4726 4.72339
283 4729.05 4.72718
284 4732.08 4.73097
285 4735.08 4.73475
286 4738.05 4.73852
287 4740.99 4.74228
288 4743.91 4.74603
289 4746.8 4.74978
290 4749.67 4.75352
291 4752.51 4.75725
292 4755.33 4.76097
293 4758.12 4.76469
294 4760.88 4.7684
295 4763.62 4.7721
296 4766.33 4.77579
297 4769.03 4.77948
298 4771.69 4.78316
299 4774.33 4.78683
300 4776.95 4.7905
301 4779.55 4.79416
302 4782.12 4.79781
303 4784.67 4.80145
304 4787.19 4.80509
305 4789.7 4.80872
306 4792.18 4.81234
307 4794.64 4.81596
308 4797.07 4.81957
309 4799.49 4.82318
310 4801.88 4.82677
311 4804.25 4.83036
312 4806.6 4.83395
313 4808.93 4.83753
314 4811.23 4.8411
315 4813.52 4.84466
316 4815.78 4.84822
317 4818.03 4.85177
318 4820.25 4.85532
319 4822.46 4.85886
320 4824.64 4.86239
321 4826.81 4.86592
322 4828.95 4.86944
323 4831.08 4.87296
324 4833.18 4.87647
325 4835.27 4.87997
326 4837.34 4.88347
327 4839.38 4.88696
328 4841.41 4.89044
329 4843.43 4.89393
330 4845.42 4.8974
331 4847.39 4.90087
332 4849.35 4.90433
333 4851.29 4.90779
334 4853.21 4.91124
335 4855.11 4.91469
336 4857 4.91813
337 4858.87 4.92157
338 4860.72 4.925
339 4862.55 4.92842
340 4864.37 4.93184
341 4866.17 4.93526
342 4867.95 4.93867
343 4869.72 4.94207
344 4871.47 4.94547
345 4873.2 4.94886
346 4874.92 4.95225
347 4876.62 4.95564
348 4878.31 4.95901
349 4879.98 4.96239
350 4881.63 4.96576
351 4883.27 4.96912
352 4884.89 4.97248
353 4886.5 4.97584
354 4888.09 4.97919
355 4889.67 4.98253
356 4891.23 4.98587
357 4892.78 4.98921
358 4894.31 4.99254
359 4895.83 4.99587
360 4897.33 4.99919
361 4898.82 5.00251
362 4900.29 5.00582
363 4901.75 5.00913
364 4903.2 5.01244
365 4904.63 5.01574
366 4906.05 5.01903
367 4907.45 5.02233
368 4908.84 5.02561
369 4910.22 5.0289
370 4911.59 5.03218
371 4912.94 5.03545
372 4914.27 5.03872
373 4915.6 5.04199
374 4916.91 5.04525
375 4918.2 5.04851
376 4919.49 5.05177
377 4920.76 5.05502
378 4922.02 5.05827
379 4923.26 5.06151
380 4924.5 5.06475
381 4925.72 5.06799
382 4926.93 5.07122
383 4928.12 5.07445
384 4929.31 5.07768
385 4930.48 5.0809
386 4931.64 5.08412
387 4932.78 5.08733
388 4933.92 5.09054
389 4935.04 5.09375
390 4936.16 5.09695
391 4937.26 5.10016
392 4938.34 5.10335
393 4939.42 5.10655
394 4940.49 5.10974
395 4941.54 5.11292
396 4942.59 5.11611
397 4943.62 5.11929
398 4944.64 5.12247
399 4945.65 5.12564
400 4946.65 5.12881
401 4947.64 5.13198
402 4948.61 5.13515
403 4949.58 5.13831
404 4950.53 5.14147
405 4951.48 5.14463
406 4952.41 5.14778
407 4953.34 5.15093
408 4954.25 5.15408
409 4955.15 5.15722
410 4956.05 5.16036
411 4956.93 5.1635
412 4957.8 5.16664
413 4958.66 5.16977
414 4959.51 5.1729
415 4960.36 5.17603
416 4961.19 5.17916
417 4962.01 5.18228
418 4962.82 5.1854
419 4963.63 5.18852
420 4964.42 5.19163
421 4965.2 5.19475
422 4965.98 5.19786
423 4966.74 5.20096
424 4967.5 5.20407
425 4968.24 5.20717
426 4968.98 5.21027
427 4969.7 5.21337
428 4970.42 5.21647
429 4971.13 5.21956
430 4971.83 5.22265
431 4972.52 5.22574
432 4973.2 5.22883
433 4973.87 5.23191
434 4974.54 5.235
435 4975.19 5.23808
436 4975.84 5.24116
437 4976.47 5.24423
438 4977.1 5.24731
439 4977.72 5.25038
440 4978.33 5.25345
441 4978.93 5.25652
442 4979.53 5.25958
443 4980.11 5.26265
444 4980.69 5.26571
445 4981.26 5.26877
446 4981.81 5.27183
447 4982.37 5.27489
448 4982.91 5.27795
449 4983.44 5.281
450 4983.97 5.28405
451 4984.49 5.2871
452 4985 5.29015
453 4985.5 5.2932
454 4986 5.29624
455 4986.48 5.29929
456 4986.96 5.30233
457 4987.43 5.30537
458 4987.9 5.30841
459 4988.35 5.31145
460 4988.8 5.31449
461 4989.24 5.31752
462 4989.67 5.32056
463 4990.09 5.32359
464 4990.51 5.32662
465 4990.92 5.32965
466 4991.32 5.33268
467 4991.72 5.3357
468 4992.1 5.33873
469 4992.48 5.34175
470 4992.85 5.34478
471 4993.22 5.3478
472 4993.57 5.35082
473 4993.92 5.35384
474 4994.27 5.35686
475 4994.6 5.35988
476 4994.93 5.36289
477 4995.25 5.36591
478 4995.56 5.36892
479 4995.87 5.37194
480 4996.17 5.37495
481 4996.46 5.37796
482 4996.75 5.38097
483 4997.03 5.38398
484 4997.3 5.38699
485 4997.56 5.39
486 4997.82 5.393
487 4998.07 5.39601
488 4998.31 5.39901
489 4998.55 5.40202
490 4998.78 5.40502
491 4999.01 5.40803
492 4999.22 5.41103
493 4999.43 5.41403
494 4999.64 5.41703
495 4999.83 5.42003
496 5000.02 5.42303
497 5000.21 5.42603
498 5000.39 5.42903
499 5000.56 5.43203
500 5000.72 5.43502
501 5000.88 5.43802
502 5001.03 5.44102
503 5001.17 5.44401
504 5001.31 5.44701
505 5001.45 5.45
506 5001.57 5.453
507 5001.69 5.45599
508 5001.8 5.45899
509 5001.91 5.46198
510 5002.01 5.46497
511 5002.11 5.46797
512 5002.19 5.47096
513 5002.28 5.47395
514 5002.35 5.47695
515 5002.42 5.47994
516 5002.49 5.48293
517 5002.54 5.48592
518 5002.59 5.48891
519 5002.64 5.4919
520 5002.68 5.49489
521 5002.71 5.49789
522 5002.74 5.50088
523 5002.76 5.50387
524 5002.78 5.50686
525 5002.79 5.50985
526 5002.79 5.51284
527 5002.79 5.51583
528 5002.78 5.51882
529 5002.76 5.52181
530 5002.74 5.5248
531 5002.72 5.52779
532 5002.69 5.53079
533 5002.65 5.53378
534 5002.61 5.53677
535 5002.56 5.53976
536 5002.5 5.54275
537 5002.44 5.54574
538 5002.38 5.54874
539 5002.3 5.55173
540 5002.23 5.55472
541 5002.14 5.55772
542 5002.06 5.56071
543 5001.96 5.5637
544 5001.86 5.5667
545 5001.76 5.56969
546 5001.64 5.57269
547 5001.53 5.57568
548 5001.41 5.57868
549 5001.28 5.58167
550 5001.15 5.58467
551 5001.01 5.58767
552 5000.86 5.59066
553 5000.71 5.59366
554 5000.56 5.59666
555 5000.4 5.59966
556 5000.23 5.60266
557 5000.06 5.60566
558 4999.88 5.60866
559 4999.7 5.61166
560 4999.51 5.61466
561 4999.32 5.61767
562 4999.12 5.62067
563 4998.92 5.62367
564 4998.71 5.62668
565 4998.5 5.62969
566 4998.28 5.63269
567 4998.05 5.6357
568 4997.82 5.63871
569 4997.59 5.64171
570 4997.35 5.64472
571 4997.1 5.64773
572 4996.85 5.65075
573 4996.6 5.65376
574 4996.33 5.65677
575 4996.07 5.65978
576 4995.8 5.6628
577 4995.52 5.66581
578 4995.24 5.66883
579 4994.95 5.67185
580 4994.66 5.67487
581 4994.36 5.67789
582 4994.06 5.68091
583 4993.75 5.68393
584 4993.44 5.68695
585 4993.12 5.68997
586 4992.8 5.693
587 4992.47 5.69602
588 4992.14 5.69905
589 4991.8 5.70208
590 4991.46 5.70511
591 4991.11 5.70814
592 4990.76 5.71117
593 4990.4 5.7142
594 4990.04 5.71724
595 4989.67 5.72027
596 4989.3 5.72331
597 4988.92 5.72634
598 4988.53 5.72938
599 4988.15 5.73242
600 4987.75 5.73546
601 4987.36 5.73851
602 4986.95 5.74155
603 4986.55 5.7446
604 4986.13 5.74764
605 4985.72 5.75069
606 4985.3 5.75374
607 4984.87 5.75679
608 4984.44 5.75984
609 4984 5.7629
610 4983.56 5.76595
611 4983.11 5.76901
612 4982.66 5.77207
613 4982.21 5.77513
614 4981.74 5.77819
615 4981.28 5.78125
616 4980.81 5.78432
617 4980.33 5.78738
618 4979.85 5.79045
619 4979.37 5.79352
620 4978.88 5.79659
621 4978.38 5.79966
622 4977.88 5.80273
623 4977.38 5.80581
624 4976.87 5.80889
625 4976.36 5.81197
626 4975.84 5.81505
627 4975.32 5.81813
628 4974.79 5.82121
629 4974.26 5.8243
630 4973.72 5.82739
631 4973.18 5.83047
632 4972.63 5.83357
633 4972.08 5.83666
634 4971.52 5.83975
635 4970.96 5.84285
636 4970.4 5.84595
637 4969.83 5.84905
638 4969.25 5.85215
639 4968.67 5.85525
640 4968.09 5.85836
641 4967.5 5.86147
642 4966.91 5.86458
643 4966.31 5.86769
644 4965.7 5.8708
645 4965.1 5.87392
646 4964.49 5.87703
647 4963.87 5.88015
648 4963.25 5.88327
649 4962.62 5.8864
650 4961.99 5.88952
651 4961.36 5.89265
652 4960.72 5.89578
653 4960.07 5.89891
654 4959.42 5.90204
655 4958.77 5.90518
656 4958.11 5.90832
657 4957.45 5.91146
658 4956.78 5.9146
659 4956.11 5.91774
660 4955.43 5.92089
661 4954.75 5.92404
662 4954.06 5.92719
663 4953.37 5.93034
664 4952.68 5.9335
665 4951.98 5.93665
666 4951.28 5.93981
667 4950.57 5.94297
668 4949.85 5.94614
669 4949.14 5.9493
670 4948.41 5.95247
671 4947.69 5.95564
672 4946.96 5.95882
673 4946.22 5.96199
674 4945.48 5.96517
675 4944.74 5.96835
676 4943.99 5.97153
677 4943.23 5.97472
678 4942.47 5.97791
679 4941.71 5.9811
680 4940.94 5.98429
681 4940.17 5.98748
682 4939.39 5.99068
683 4938.61 5.99388
684 4937.83 5.99708
685 4937.04 6.00029
686 4936.24 6.00349
687 4935.45 6.0067
688 4934.64 6.00991
689 4933.83 6.01313
690 4933.02 6.01634
691 4932.21 6.01956
692 4931.38 6.02279
693 4930.56 6.02601
694 4929.73 6.02924
695 4928.89 6.03247
696 4928.05 6.0357
697 4927.21 6.03894
698 4926.36 6.04217
699 4925.51 6.04541
700 4924.65 6.04866
701 4923.79 6.0519
702 4922.93 6.05515
703 4922.06 6.0584
704 4921.18 6.06165
705 4920.3 6.06491
706 4919.42 6.06817
707 4918.53 6.07143
708 4917.64 6.0747
709 4916.74 6.07796
710 4915.84 6.08123
711 4914.93 6.08451
712 4914.02 6.08778
713 4913.11 6.09106
714 4912.19 6.09434
715 4911.27 6.09763
716 4910.34 6.10091
717 4909.41 6.1042
718 4908.47 6.10749
719 4907.53 6.11079
720 4906.58 6.11409
721 4905.63 6.11739
722 4904.68 6.12069
723 4903.72 6.124
724 4902.76 6.12731
725 4901.79 6.13062
726 4900.82 6.13394
727 4899.84 6.13726
728 4898.86 6.14058
729 4897.88 6.1439
730 4896.89 6.14723
731 4895.89 6.15056
732 4894.89 6.1539
733 4893.89 6.15723
734 4892.89 6.16057
735 4891.87 6.16391
736 4890.86 6.16726
737 4889.84 6.17061
738 4888.81 6.17396
739 4887.79 6.17732
740 4886.75 6.18067
741 4885.71 6.18404
742 4884.67 6.1874
743 4883.63 6.19077
744 4882.58 6.19414
745 4881.52 6.19751
746 4880.46 6.20089
747 4879.4 6.20427
748 4878.33 6.20765
749 4877.26 6.21104
750 4876.18 6.21443
751 4875.1 6.21782
752 4874.01 6.22121
753 4872.93 6.22461
754 4871.83 6.22802
755 4870.73 6.23142
756 4869.63 6.23483
757 4868.52 6.23824
758 4867.41 6.24166
759 4866.3 6.24508
760 4865.18 6.2485
761 4864.05 6.25192
762 4862.92 6.25535
763 4861.79 6.25878
764 4860.65 6.26222
765 4859.51 6.26566
766 4858.37 6.2691
767 4857.21 6.27254
768 4856.06 6.27599
769 4854.9 6.27944
770 4853.74 6.2829
771 4852.57 6.28636
772 4851.4 6.28982
773 4850.22 6.29328
774 4849.04 6.29675
775 4847.86 6.30022
776 4846.67 6.3037
777 4845.48 6.30718
778 4844.28 6.31066
779 4843.08 6.31415
780 4841.87 6.31764
781 4840.66 6.32113
782 4839.44 6.32463
783 4838.23 6.32813
784 4837 6.33163
785 4835.77 6.33514
786 4834.54 6.33865
787 4833.31 6.34216
788 4832.07 6.34568
789 4830.82 6.3492
790 4829.57 6.35272
791 4828.32 6.35625
792 4827.06 6.35978
793 4825.8 6.36332
794 4824.53 6.36686
795 4823.26 6.3704
796 4821.99 6.37395
797 4820.71 6.37749
798 4819.43 6.38105
799 4818.14 6.3846
800 4816.85 6.38817
801 4815.55 6.39173
802 4814.25 6.3953
803 4812.95 6.39887
804 4811.64 6.40244
805 4810.33 6.40602
806 4809.01 6.4096
807 4807.69 6.41319
808 4806.36 6.41678
809 4805.03 6.42037
810 4803.7 6.42397
811 4802.36 6.42757
812 4801.02 6.43118
813 4799.67 6.43479
814 4798.32 6.4384
815 4796.97 6.44201
816 4795.61 6.44563
817 4794.24 6.44926
818 4792.87 6.45288
819 4791.5 6.45652
820 4790.13 6.46015
821 4788.75 6.46379
822 4787.36 6.46743
823 4785.97 6.47108
824 4784.58 6.47473
825 4783.18 6.47838
826 4781.78 6.48204
827 4780.38 6.4857
828 4778.97 6.48937
829 4777.55 6.49304
830 4776.13 6.49671
831 4774.71 6.50039
832 4773.29 6.50407
833 4771.85 6.50775
834 4770.42 6.51144
835 4768.98 6.51513
836 4767.54 6.51883
837 4766.09 6.52253
838 4764.64 6.52624
839 4763.18 6.52994
840 4761.72 6.53366
841 4760.26 6.53737
842 4758.79 6.54109
843 4757.32 6.54482
844 4755.84 6.54854
845 4754.36 6.55228
846 4752.88 6.55601
847 4751.39 6.55975
848 4749.9 6.5635
849 4748.4 6.56724
850 4746.9 6.571
851 4745.39 6.57475
852 4743.88 6.57851
853 4742.37 6.58228
854 4740.85 6.58605
855 4739.33 6.58982
856 4737.8 6.59359
857 4736.27 6.59737
858 4734.74 6.60116
859 4733.2 6.60495
860 4731.66 6.60874
861 4730.11 6.61254
862 4728.56 6.61634
863 4727.01 6.62014
864 4725.45 6.62395
865 4723.88 6.62776
866 4722.32 6.63158
867 4720.75 6.6354
868 4719.17 6.63923
869 4717.59 6.64306
870 4716.01 6.64689
871 4714.42 6.65073
872 4712.83 6.65457
873 4711.24 6.65842
874 4709.64 6.66227
875 4708.03 6.66612
876 4706.43 6.66998
877 4704.81 6.67384
878 4703.2 6.67771
879 4701.58 6.68158
880 4699.96 6.68546
881 4698.33 6.68934
882 4696.7 6.69322
883 4695.06 6.69711
884 4693.42 6.701
885 4691.78 6.7049
886 4690.13 6.7088
887 4688.48 6.7127
888 4686.82 6.71661
889 4685.16 6.72052
890 4683.5 6.72444
891 4681.83 6.72836
892 4680.16 6.73229
893 4678.48 6.73622
894 4676.8 6.74015
895 4675.12 6.74409
896 4673.43 6.74804
897 4671.74 6.75198
898 4670.04 6.75594
899 4668.34 6.75989
900 4666.64 6.76385
901 4664.93 6.76782
902 4663.22 6.77179
903 4661.51 6.77576
904 4659.79 6.77974
905 4658.06 6.78372
906 4656.34 6.78771
907 4654.61 6.7917
908 4652.87 6.79569
909 4651.13 6.79969
910 4649.39 6.80369
911 4647.64 6.8077
912 4645.89 6.81172
913 4644.14 6.81573
914 4642.38 6.81975
915 4640.62 6.82378
916 4638.85 6.82781
917 4637.08 6.83184
918 4635.31 6.83588
919 4633.53 6.83993
920 4631.75 6.84397
921 4629.96 6.84803
922 4628.17 6.85208
923 4626.38 6.85614
924 4624.58 6.86021
925 4622.78 6.86428
926 4620.98 6.86835
927 4619.17 6.87243
928 4617.35 6.87651
929 4615.54 6.8806
930 4613.72 6.88469
931 4611.89 6.88879
932 4610.07 6.89289
933 4608.24 6.897
934 4606.4 6.90111
935 4604.56 6.90522
936 4602.72 6.90934
937 4600.87 6.91346
938 4599.02 6.91759
939 4597.17 6.92172
940 4595.31 6.92586
941 4593.45 6.93
942 4591.58 6.93415
943 4589.71 6.9383
944 4587.84 6.94245
945 4585.96 6.94661
946 4584.08 6.95078
947 4582.2 6.95495
948 4580.31 6.95912
949 4578.42 6.9633
950 4576.52 6.96748
951 4574.62 6.97166
952 4572.72 6.97586
953 4570.81 6.98005
954 4568.9 6.98425
955 4566.99 6.98846
956 4565.07 6.99267
957 4563.15 6.99688
958 4561.23 7.0011
959 4559.3 7.00532
960 4557.37 7.00955
961 4555.43 7.01378
962 4553.49 7.01802
963 4551.55 7.02226
964 4549.6 7.0265
965 4547.65 7.03076
966 4545.7 7.03501
967 4543.74 7.03927
968 4541.78 7.04353
969 4539.81 7.0478
970 4537.84 7.05208
971 4535.87 7.05636
972 4533.9 7.06064
973 4531.92 7.06493
974 4529.93 7.06922
975 4527.95 7.07351
976 4525.96 7.07782
977 4523.97 7.08212
978 4521.97 7.08643
979 4519.97 7.09075
980 4517.96 7.09507
981 4515.96 7.09939
982 4513.94 7.10372
983 4511.93 7.10806
984 4509.91 7.11239
985 4507.89 7.11674
986 4505.87 7.12109
987 4503.84 7.12544
988 4501.8 7.1298
989 4499.77 7.13416
990 4497.73 7.13852
991 4495.69 7.14289
992 4493.64 7.14727
993 4491.59 7.15165
994 4489.54 7.15604
995 4487.48 7.16043
996 4485.42 7.16482
997 4483.36 7.16922
998 4481.29 7.17362
999 4479.22 7.17803
1000 4477.15 7.18245
1001 4475.07 7.18686
1002 4472.99 7.19129
1003 4470.91 7.19572
1004 4468.82 7.20015
1005 4466.73 7.20458
1006 4464.64 7.20903
1007 4462.54 7.21347
1008 4460.44 7.21792
1009 4458.34 7.22238
1010 4456.23 7.22684
1011 4454.12 7.23131
1012 4452.01 7.23578
1013 4449.89 7.24025
1014 4447.77 7.24473
1015 4445.65 7.24922
1016 4443.52 7.2537
1017 4441.39 7.2582
1018 4439.26 7.2627
1019 4437.12 7.2672
1020 4434.98 7.27171
1021 4432.84 7.27622
1022 4430.69 7.28074
1023 4428.54 7.28526
1024 4426.39 7.28979
1025 4424.23 7.29432
1026 4422.07 7.29886
1027 4419.91 7.3034
1028 4417.74 7.30794
1029 4415.57 7.31249
1030 4413.4 7.31705
1031 4411.23 7.32161
1032 4409.05 7.32618
1033 4406.87 7.33075
1034 4404.68 7.33532
1035 4402.5 7.3399
1036 4400.3 7.34449
1037 4398.11 7.34907
1038 4395.91 7.35367
1039 4393.71 7.35827
1040 4391.51 7.36287
1041 4389.3 7.36748
1042 4387.09 7.37209
1043 4384.88 7.37671
1044 4382.66 7.38133
1045 4380.45 7.38596
1046 4378.22 7.39059
1047 4376 7.39523
1048 4373.77 7.39987
1049 4371.54 7.40452
1050 4369.31 7.40917
1051 4367.07 7.41383
1052 4364.83 7.41849
1053 4362.58 7.42315
1054 4360.34 7.42783
1055 4358.09 7.4325
1056 4355.84 7.43718
1057 4353.58 7.44187
1058 4351.32 7.44656
1059 4349.06 7.45125
1060 4346.8 7.45595
1061 4344.53 7.46066
1062 4342.26 7.46537
1063 4339.99 7.47008
1064 4337.72 7.4748
1065 4335.44 7.47952
1066 4333.16 7.48425
1067 4330.87 7.48898
1068 4328.58 7.49372
1069 4326.29 7.49847
1070 4324 7.50321
1071 4321.71 7.50797
1072 4319.41 7.51272
1073 4317.11 7.51749
1074 4314.8 7.52225
1075 4312.5 7.52703
1076 4310.19 7.5318
1077 4307.87 7.53659
1078 4305.56 7.54137
1079 4303.24 7.54616
1080 4300.92 7.55096
1081 4298.59 7.55576
1082 4296.27 7.56057
1083 4293.94 7.56538
1084 4291.61 7.57019
1085 4289.27 7.57502
1086 4286.94 7.57984
1087 4284.6 7.58467
1088 4282.25 7.58951
1089 4279.91 7.59435
1090 4277.56 7.59919
1091 4275.21 7.60404
1092 4272.85 7.6089
1093 4270.5 7.61376
1094 4268.14 7.61862
1095 4265.78 7.62349
1096 4263.41 7.62836
1097 4261.05 7.63324
1098 4258.68 7.63813
1099 4256.31 7.64301
1100 4253.93 7.64791
1101 4251.56 7.65281
1102 4249.18 7.65771
1103 4246.79 7.66262
1104 4244.41 7.66753
1105 4242.02 7.67245
1106 4239.63 7.67737
1107 4237.24 7.6823
1108 4234.84 7.68723
1109 4232.45 7.69217
1110 4230.05 7.69711
1111 4227.64 7.70206
1112 4225.24 7.70701
1113 4222.83 7.71197
1114 4220.42 7.71693
1115 4218.01 7.72189
1116 4215.6 7.72686
1117 4213.18 7.73184
1118 4210.76 7.73682
1119 4208.34 7.74181
1120 4205.91 7.7468
1121 4203.49 7.75179
1122 4201.06 7.75679
1123 4198.63 7.7618
1124 4196.19 7.76681
1125 4193.76 7.77182
1126 4191.32 7.77684
1127 4188.88 7.78187
1128 4186.43 7.7869
1129 4183.99 7.79193
1130 4181.54 7.79697
1131 4179.09 7.80202
1132 4176.64 7.80707
1133 4174.18 7.81212
1134 4171.72 7.81718
1135 4169.27 7.82224
1136 4166.8 7.82731
1137 4164.34 7.83238
1138 4161.87 7.83746
1139 4159.41 7.84254
1140 4156.94 7.84763
1141 4154.46 7.85273
1142 4151.99 7.85782
1143 4149.51 7.86293
1144 4147.03 7.86803
1145 4144.55 7.87315
1146 4142.07 7.87826
1147 4139.58 7.88338
1148 4137.09 7.88851
1149 4134.6 7.89364
1150 4132.11 7.89878
1151 4129.62 7.90392
1152 4127.12 7.90907
1153 4124.62 7.91422
1154 4122.12 7.91937
1155 4119.62 7.92453
1156 4117.11 7.9297
1157 4114.61 7.93487
1158 4112.1 7.94005
1159 4109.59 7.94523
1160 4107.07 7.95041
1161 4104.56 7.9556
1162 4102.04 7.9608
1163 4099.52 7.966
1164 4097 7.9712
1165 4094.48 7.97641
1166 4091.95 7.98162
1167 4089.43 7.98684
1168 4086.9 7.99207
1169 4084.37 7.99729
1170 4081.84 8.00253
1171 4079.3 8.00777
1172 4076.77 8.01301
1173 4074.23 8.01826
1174 4071.69 8.02351
1175 4069.14 8.02877
1176 4066.6 8.03403
1177 4064.06 8.0393
1178 4061.51 8.04457
1179 4058.96 8.04985
1180 4056.41 8.05513
1181 4053.85 8.06042
1182 4051.3 8.06571
1183 4048.74 8.071
1184 4046.18 8.07631
1185 4043.62 8.08161
1186 4041.06 8.08692
1187 4038.5 8.09224
1188 4035.93 8.09756
1189 4033.36 8.10288
1190 4030.8 8.10821
1191 4028.23 8.11355
1192 4025.65 8.11889
1193 4023.08 8.12423
1194 4020.5 8.12958
1195 4017.93 8.13494
1196 4015.35 8.1403
1197 4012.77 8.14566
1198 4010.18 8.15103
1199 4007.6 8.1564
1200 4005.01 8.16178
1201 4002.43 8.16716
1202 3999.84 8.17255
1203 3997.25 8.17794
1204 3994.65 8.18334
1205 3992.06 8.18874
1206 3989.46 8.19415
1207 3986.87 8.19956
1208 3984.27 8.20498
1209 3981.67 8.2104
1210 3979.07 8.21583
1211 3976.46 8.22126
1212 3973.86 8.2267
1213 3971.25 8.23214
1214 3968.65 8.23758
1215 3966.04 8.24303
1216 3963.43 8.24849
1217 3960.82 8.25395
1218 3958.2 8.25941
1219 3955.59 8.26488
1220 3952.97 8.27036
1221 3950.35 8.27583
1222 3947.73 8.28132
1223 3945.11 8.28681
1224 3942.49 8.2923
1225 3939.87 8.2978
1226 3937.24 8.3033
1227 3934.62 8.30881
1228 3931.99 8.31432
1229 3929.36 8.31984
1230 3926.73 8.32536
1231 3924.1 8.33089
1232 3921.47 8.33642
1233 3918.83 8.34196
1234 3916.2 8.3475
1235 3913.56 8.35304
1236 3910.92 8.35859
1237 3908.29 8.36415
1238 3905.64 8.36971
1239 3903 8.37527
1240 3900.36 8.38084
1241 3897.72 8.38642
1242 3895.07 8.392
1243 3892.42 8.39758
1244 3889.78 8.40317
1245 3887.13 8.40876
1246 3884.48 8.41436
1247 3881.83 8.41996
1248 3879.17 8.42557
1249 3876.52 8.43118
1250 3873.87 8.4368
1251 3871.21 8.44242
1252 3868.55 8.44805
1253 3865.9 8.45368
1254 3863.24 8.45931
1255 3860.58 8.46496
1256 3857.92 8.4706
1257 3855.25 8.47625
1258 3852.59 8.48191
1259 3849.93 8.48756
1260 3847.26 8.49323
1261 3844.59 8.4989
1262 3841.93 8.50457
1263 3839.26 8.51025
1264 3836.59 8.51593
1265 3833.92 8.52162
1266 3831.25 8.52731
1267 3828.57 8.53301
1268 3825.9 8.53871
1269 3823.23 8.54442
1270 3820.55 8.55013
1271 3817.87 8.55584
1272 3815.2 8.56157
1273 3812.52 8.56729
1274 3809.84 8.57302
1275 3807.16 8.57875
1276 3804.48 8.58449
1277 3801.8 8.59024
1278 3799.12 8.59599
1279 3796.43 8.60174
1280 3793.75 8.6075
1281 3791.06 8.61326
1282 3788.38 8.61903
1283 3785.69 8.6248
1284 3783 8.63058
1285 3780.32 8.63636
1286 3777.63 8.64214
1287 3774.94 8.64793
1288 3772.25 8.65373
1289 3769.56 8.65953
1290 3766.86 8.66533
1291 3764.17 8.67114
1292 3761.48 8.67695
1293 3758.78 8.68277
1294 3756.09 8.6886
1295 3753.39 8.69442
1296 3750.7 8.70026
1297 3748 8.70609
1298 3745.3 8.71193
1299 3742.6 8.71778
1300 3739.9 8.72363
1301 3737.2 8.72949
1302 3734.5 8.73535
1303 3731.8 8.74121
1304 3729.1 8.74708
1305 3726.4 8.75295
1306 3723.7 8.75883
1307 3720.99 8.76471
1308 3718.29 8.7706
1309 3715.58 8.77649
1310 3712.88 8.78239
1311 3710.17 8.78829
1312 3707.47 8.7942
1313 3704.76 8.80011
1314 3702.05 8.80602
1315 3699.35 8.81194
1316 3696.64 8.81787
1317 3693.93 8.82379
1318 3691.22 8.82973
1319 3688.51 8.83567
1320 3685.8 8.84161
1321 3683.09 8.84755
1322 3680.38 8.85351
1323 3677.67 8.85946
1324 3674.95 8.86542
1325 3672.24 8.87139
1326 3669.53 8.87736
1327 3666.82 8.88333
1328 3664.1 8.88931
1329 3661.39 8.89529
1330 3658.67 8.90128
1331 3655.96 8.90727
1332 3653.24 8.91327
1333 3650.53 8.91927
1334 3647.81 8.92528
1335 3645.1 8.93129
1336 3642.38 8.9373
1337 3639.66 8.94332
1338 3636.95 8.94935
1339 3634.23 8.95538
1340 3631.51 8.96141
1341 3628.79 8.96745
1342 3626.08 8.97349
1343 3623.36 8.97954
1344 3620.64 8.98559
1345 3617.92 8.99164
1346 3615.2 8.9977
1347 3612.48 9.00377
1348 3609.76 9.00984
1349 3607.04 9.01591
1350 3604.32 9.02199
1351 3601.6 9.02807
1352 3598.88 9.03416
1353 3596.16 9.04025
1354 3593.44 9.04634
1355 3590.72 9.05244
1356 3588 9.05855
1357 3585.28 9.06466
1358 3582.55 9.07077
1359 3579.83 9.07689
1360 3577.11 9.08301
1361 3574.39 9.08914
1362 3571.67 9.09527
1363 3568.95 9.10141
1364 3566.22 9.10755
1365 3563.5 9.11369
1366 3560.78 9.11984
1367 3558.06 9.126
1368 3555.34 9.13215
1369 3552.61 9.13832
1370 3549.89 9.14448
1371 3547.17 9.15065
1372 3544.45 9.15683
1373 3541.72 9.16301
1374 3539 9.16919
1375 3536.28 9.17538
1376 3533.56 9.18158
1377 3530.84 9.18777
1378 3528.11 9.19398
1379 3525.39 9.20018
1380 3522.67 9.20639
1381 3519.95 9.21261
1382 3517.22 9.21883
1383 3514.5 9.22505
1384 3511.78 9.23128
1385 3509.06 9.23751
1386 3506.34 9.24375
1387 3503.62 9.24999
1388 3500.89 9.25624
1389 3498.17 9.26249
1390 3495.45 9.26874
1391 3492.73 9.275
1392 3490.01 9.28126
1393 3487.29 9.28753
1394 3484.57 9.2938
1395 3481.85 9.30008
1396 3479.13 9.30636
1397 3476.41 9.31265
1398 3473.69 9.31893
1399 3470.97 9.32523
1400 3468.25 9.33153
1401 3465.53 9.33783
1402 3462.81 9.34414
1403 3460.09 9.35045
1404 3457.37 9.35676
1405 3454.66 9.36308
1406 3451.94 9.3694
1407 3449.22 9.37573
1408 3446.5 9.38206
1409 3443.79 9.3884
1410 3441.07 9.39474
1411 3438.35 9.40109
1412 3435.64 9.40744
1413 3432.92 9.41379
1414 3430.2 9.42015
1415 3427.49 9.42651
1416 3424.77 9.43288
1417 3422.06 9.43925
1418 3419.35 9.44562
1419 3416.63 9.452
1420 3413.92 9.45839
1421 3411.2 9.46477
1422 3408.49 9.47117
1423 3405.78 9.47756
1424 3403.07 9.48396
1425 3400.36 9.49037
1426 3397.64 9.49678
1427 3394.93 9.50319
1428 3392.22 9.50961
1429 3389.51 9.51603
1430 3386.8 9.52245
1431 3384.1 9.52888
1432 3381.39 9.53532
1433 3378.68 9.54176
1434 3375.97 9.5482
1435 3373.26 9.55465
1436 3370.56 9.5611
1437 3367.85 9.56755
1438 3365.15 9.57401
1439 3362.44 9.58048
1440 3359.74 9.58694
1441 3357.03 9.59342
1442 3354.33 9.59989
1443 3351.62 9.60637
1444 3348.92 9.61286
1445 3346.22 9.61935
1446 3343.52 9.62584
1447 3340.82 9.63234
1448 3338.12 9.63884
1449 3335.42 9.64534
1450 3332.72 9.65185
1451 3330.02 9.65837
1452 3327.32 9.66488
1453 3324.62 9.67141
1454 3321.93 9.67793
1455 3319.23 9.68446
1456 3316.54 9.691
1457 3313.84 9.69753
1458 3311.15 9.70408
1459 3308.45 9.71062
1460 3305.76 9.71717
1461 3303.07 9.72373
1462 3300.38 9.73029
1463 3297.69 9.73685
1464 3295 9.74342
1465 3292.31 9.74999
1466 3289.62 9.75657
1467 3286.93 9.76314
1468 3284.24 9.76973
1469 3281.55 9.77632
1470 3278.87 9.78291
1471 3276.18 9.7895
1472 3273.5 9.7961
1473 3270.81 9.80271
1474 3268.13 9.80932
1475 3265.45 9.81593
1476 3262.77 9.82254
1477 3260.09 9.82916
1478 3257.41 9.83579
1479 3254.73 9.84242
1480 3252.05 9.84905
1481 3249.37 9.85568
1482 3246.69 9.86232
1483 3244.02 9.86897
1484 3241.34 9.87562
1485 3238.67 9.88227
1486 3235.99 9.88893
1487 3233.32 9.89559
1488 3230.65 9.90225
1489 3227.98 9.90892
1490 3225.31 9.91559
1491 3222.64 9.92227
1492 3219.97 9.92895
1493 3217.3 9.93563
1494 3214.63 9.94232
1495 3211.97 9.94901
1496 3209.3 9.95571
1497 3206.64 9.96241
1498 3203.97 9.96912
1499 3201.31 9.97582
1500 3198.65 9.98254
1501 3195.99 9.98925
1502 3193.33 9.99597
1503 3190.67 10.0027
1504 3188.01 10.0094
1505 3185.35 10.0162
1506 3182.7 10.0229
1507 3180.04 10.0296
1508 3177.39 10.0364
1509 3174.73 10.0431
1510 3172.08 10.0499
1511 3169.43 10.0566
1512 3166.78 10.0634
1513 3164.13 10.0702
1514 3161.48 10.0769
1515 3158.83 10.0837
1516 3156.19 10.0905
1517 3153.54 10.0972
1518 3150.9 10.104
1519 3148.25 10.1108
1520 3145.61 10.1176
1521 3142.97 10.1244
1522 3140.33 10.1312
1523 3137.69 10.138
1524 3135.05 10.1448
1525 3132.41 10.1516
1526 3129.78 10.1584
1527 3127.14 10.1653
1528 3124.51 10.1721
1529 3121.87 10.1789
1530 3119.24 10.1857
1531 3116.61 10.1926
1532 3113.98 10.1994
1533 3111.35 10.2062
1534 3108.72 10.2131
1535 3106.1 10.2199
1536 3103.47 10.2268
1537 3100.85 10.2336
1538 3098.22 10.2405
1539 3095.6 10.2474
1540 3092.98 10.2542
1541 3090.36 10.2611
1542 3087.74 10.268
1543 3085.12 10.2749
1544 3082.51 10.2817
1545 3079.89 10.2886
1546 3077.28 10.2955
1547 3074.66 10.3024
1548 3072.05 10.3093
1549 3069.44 10.3162
1550 3066.83 10.3231
1551 3064.22 10.33
1552 3061.62 10.3369
1553 3059.01 10.3439
1554 3056.4 10.3508
1555 3053.8 10.3577
1556 3051.2 10.3646
1557 3048.6 10.3716
1558 3046 10.3785
1559 3043.4 10.3854
1560 3040.8 10.3924
1561 3038.2 10.3993
1562 3035.61 10.4063
1563 3033.01 10.4132
1564 3030.42 10.4202
1565 3027.83 10.4272
1566 3025.24 10.4341
1567 3022.65 10.4411
1568 3020.06 10.4481
1569 3017.47 10.455
1570 3014.89 10.462
1571 3012.3 10.469
1572 3009.72 10.476
1573 3007.14 10.483
1574 3004.56 10.49
1575 3001.98 10.497
1576 2999.4 10.504
1577 2996.83 10.511
1578 2994.25 10.518
1579 2991.68 10.525
1580 2989.11 10.532
1581 2986.53 10.5391
1582 2983.96 10.5461
1583 2981.4 10.5531
1584 2978.83 10.5601
1585 2976.26 10.5672
1586 2973.7 10.5742
1587 2971.13 10.5813
1588 2968.57 10.5883
1589 2966.01 10.5954
1590 2963.45 10.6024
1591 2960.89 10.6095
1592 2958.34 10.6165
1593 2955.78 10.6236
1594 2953.23 10.6307
1595 2950.68 10.6377
1596 2948.12 10.6448
1597 2945.57 10.6519
1598 2943.03 10.659
1599 2940.48 10.6661
1600 2937.93 10.6732
1601 2935.39 10.6802
1602 2932.85 10.6873
1603 2930.31 10.6944
1604 2927.77 10.7015
1605 2925.23 10.7087
1606 2922.69 10.7158
1607 2920.15 10.7229
1608 2917.62 10.73
1609 2915.09 10.7371
1610 2912.55 10.7442
1611 2910.02 10.7514
1612 2907.5 10.7585
1613 2904.97 10.7656
1614 2902.44 10.7728
1615 2899.92 10.7799
1616 2897.39 10.7871
1617 2894.87 10.7942
1618 2892.35 10.8014
1619 2889.83 10.8085
1620 2887.32 10.8157
1621 2884.8 10.8229
1622 2882.29 10.83
1623 2879.77 10.8372
1624 2877.26 10.8444
1625 2874.75 10.8516
1626 2872.25 10.8587
1627 2869.74 10.8659
1628 2867.23 10.8731
1629 2864.73 10.8803
1630 2862.23 10.8875
1631 2859.73 10.8947
1632 2857.23 10.9019
1633 2854.73 10.9091
1634 2852.23 10.9163
1635 2849.74 10.9235
1636 2847.24 10.9307
1637 2844.75 10.938
1638 2842.26 10.9452
1639 2839.77 10.9524
1640 2837.29 10.9597
1641 2834.8 10.9669
1642 2832.32 10.9741
1643 2829.83 10.9814
1644 2827.35 10.9886
1645 2824.87 10.9959
1646 2822.39 11.0031
1647 2819.92 11.0104
1648 2817.44 11.0176
1649 2814.97 11.0249
1650 2812.5 11.0321
1651 2810.03 11.0394
1652 2807.56 11.0467
1653 2805.09 11.054
1654 2802.62 11.0612
1655 2800.16 11.0685
1656 2797.7 11.0758
1657 2795.24 11.0831
1658 2792.78 11.0904
1659 2790.32 11.0977
1660 2787.86 11.105
1661 2785.41 11.1123
1662 2782.96 11.1196
1663 2780.51 11.1269
1664 2778.06 11.1342
1665 2775.61 11.1415
1666 2773.16 11.1488
1667 2770.72 11.1562
1668 2768.27 11.1635
1669 2765.83 11.1708
1670 2763.39 11.1781
1671 2760.95 11.1855
1672 2758.51 11.1928
1673 2756.08 11.2002
1674 2753.65 11.2075
1675 2751.21 11.2149
1676 2748.78 11.2222
1677 2746.35 11.2296
1678 2743.93 11.2369
1679 2741.5 11.2443
1680 2739.08 11.2516
1681 2736.65 11.259
1682 2734.23 11.2664
1683 2731.81 11.2738
1684 2729.4 11.2811
1685 2726.98 11.2885
1686 2724.57 11.2959
1687 2722.15 11.3033
1688 2719.74 11.3107
1689 2717.33 11.3181
1690 2714.93 11.3255
1691 2712.52 11.3329
1692 2710.12 11.3403
1693 2707.71 11.3477
1694 2705.31 11.3551
1695 2702.91 11.3625
1696 2700.52 11.3699
1697 2698.12 11.3774
1698 2695.73 11.3848
1699 2693.34 11.3922
1700 2690.94 11.3996
1701 2688.56 11.4071
1702 2686.17 11.4145
1703 2683.78 11.4219
1704 2681.4 11.4294
1705 2679.02 11.4368
1706 2676.64 11.4443
1707 2674.26 11.4517
1708 2671.88 11.4592
1709 2669.5 11.4666
1710 2667.13 11.4741
1711 2664.76 11.4816
1712 2662.39 11.489
1713 2660.02 11.4965
1714 2657.65 11.504
1715 2655.29 11.5115
1716 2652.92 11.5189
1717 2650.56 11.5264
1718 2648.2 11.5339
1719 2645.84 11.5414
1720 2643.48 11.5489
1721 2641.13 11.5564
1722 2638.78 11.5639
1723 2636.43 11.5714
1724 2634.08 11.5789
1725 2631.73 11.5864
1726 2629.38 11.5939
1727 2627.04 11.6014
1728 2624.69 11.609
1729 2622.35 11.6165
1730 2620.01 11.624
1731 2617.67 11.6315
1732 2615.34 11.6391
1733 2613 11.6466
1734 2610.67 11.6541
1735 2608.34 11.6617
1736 2606.01 11.6692
1737 2603.69 11.6768
1738 2601.36 11.6843
1739 2599.04 11.6919
1740 2596.71 11.6994
1741 2594.39 11.707
1742 2592.08 11.7146
1743 2589.76 11.7221
1744 2587.44 11.7297
1745 2585.13 11.7373
1746 2582.82 11.7448
1747 2580.51 11.7524
1748 2578.2 11.76
1749 2575.9 11.7676
1750 2573.59 11.7752
1751 2571.29 11.7827
1752 2568.99 11.7903
1753 2566.69 11.7979
1754 2564.39 11.8055
1755 2562.1 11.8131
1756 2559.8 11.8207
1757 2557.51 11.8283
1758 2555.22 11.836
1759 2552.93 11.8436
1760 2550.65 11.8512
1761 2548.36 11.8588
1762 2546.08 11.8664
1763 2543.8 11.8741
1764 2541.52 11.8817
1765 2539.24 11.8893
1766 2536.96 11.897
1767 2534.69 11.9046
1768 2532.42 11.9122
1769 2530.15 11.9199
1770 2527.88 11.9275
1771 2525.61 11.9352
1772 2523.35 11.9428
1773 2521.08 11.9505
1774 2518.82 11.9581
1775 2516.56 11.9658
1776 2514.3 11.9735
1777 2512.05 11.9811
1778 2509.79 11.9888
1779 2507.54 11.9965
1780 2505.29 12.0041
1781 2503.04 12.0118
1782 2500.79 12.0195
1783 2498.55 12.0272
1784 2496.31 12.0349
1785 2494.06 12.0426
1786 2491.82 12.0503
1787 2489.59 12.058
1788 2487.35 12.0657
1789 2485.12 12.0734
1790 2482.88 12.0811
1791 2480.65 12.0888
1792 2478.42 12.0965
1793 2476.2 12.1042
1794 2473.97 12.1119
1795 2471.75 12.1196
1796 2469.53 12.1274
1797 2467.31 12.1351
1798 2465.09 12.1428
1799 2462.87 12.1505
1800 2460.66 12.1583
1801 2458.45 12.166
1802 2456.23 12.1737
1803 2454.03 12.1815
1804 2451.82 12.1892
1805 2449.61 12.197
1806 2447.41 12.2047
1807 2445.21 12.2125
1808 2443.01 12.2202
1809 2440.81 12.228
1810 2438.62 12.2358
1811 2436.42 12.2435
1812 2434.23 12.2513
1813 2432.04 12.2591
1814 2429.85 12.2668
1815 2427.66 12.2746
1816 2425.48 12.2824
1817 2423.29 12.2902
1818 2421.11 12.298
1819 2418.93 12.3057
1820 2416.76 12.3135
1821 2414.58 12.3213
1822 2412.41 12.3291
1823 2410.23 12.3369
1824 2408.06 12.3447
1825 2405.89 12.3525
1826 2403.73 12.3603
1827 2401.56 12.3681
1828 2399.4 12.376
1829 2397.24 12.3838
1830 2395.08 12.3916
1831 2392.92 12.3994
1832 2390.77 12.4072
1833 2388.61 12.4151
1834 2386.46 12.4229
1835 2384.31 12.4307
1836 2382.16 12.4386
1837 2380.02 12.4464
1838 2377.87 12.4542
1839 2375.73 12.4621
1840 2373.59 12.4699
1841 2371.45 12.4778
1842 2369.31 12.4856
1843 2367.18 12.4935
1844 2365.04 12.5013
1845 2362.91 12.5092
1846 2360.78 12.5171
1847 2358.65 12.5249
1848 2356.53 12.5328
1849 2354.4 12.5407
1850 2352.28 12.5485
1851 2350.16 12.5564
1852 2348.04 12.5643
1853 2345.92 12.5722
1854 2343.81 12.58
1855 2341.7 12.5879
1856 2339.58 12.5958
1857 2337.47 12.6037
1858 2335.37 12.6116
1859 2333.26 12.6195
1860 2331.16 12.6274
1861 2329.06 12.6353
1862 2326.96 12.6432
1863 2324.86 12.6511
1864 2322.76 12.659
1865 2320.67 12.6669
1866 2318.57 12.6749
1867 2316.48 12.6828
1868 2314.39 12.6907
1869 2312.31 12.6986
1870 2310.22 12.7065
1871 2308.14 12.7145
1872 2306.06 12.7224
1873 2303.98 12.7303
1874 2301.9 12.7383
1875 2299.82 12.7462
1876 2297.75 12.7541
1877 2295.67 12.7621
1878 2293.6 12.77
1879 2291.54 12.778
1880 2289.47 12.7859
1881 2287.4 12.7939
1882 2285.34 12.8019
1883 2283.28 12.8098
1884 2281.22 12.8178
1885 2279.16 12.8257
1886 2277.11 12.8337
1887 2275.05 12.8417
1888 2273 12.8496
1889 2270.95 12.8576
1890 2268.9 12.8656
1891 2266.86 12.8736
1892 2264.81 12.8816
1893 2262.77 12.8896
1894 2260.73 12.8975
1895 2258.69 12.9055
1896 2256.65 12.9135
1897 2254.62 12.9215
1898 2252.58 12.9295
1899 2250.55 12.9375
1900 2248.52 12.9455
1901 2246.49 12.9535
1902 2244.47 12.9615
1903 2242.44 12.9695
1904 2240.42 12.9776
1905 2238.4 12.9856
1906 2236.38 12.9936
1907 2234.36 13.0016
1908 2232.35 13.0096
1909 2230.34 13.0177
1910 2228.32 13.0257
1911 2226.32 13.0337
1912 2224.31 13.0418
1913 2222.3 13.0498
1914 2220.3 13.0578
1915 2218.3 13.0659
1916 2216.3 13.0739
1917 2214.3 13.082
1918 2212.3 13.09
1919 2210.31 13.0981
1920 2208.31 13.1061
1921 2206.32 13.1142
1922 2204.33 13.1222
1923 2202.35 13.1303
1924 2200.36 13.1383
1925 2198.38 13.1464
1926 2196.4 13.1545
1927 2194.42 13.1626
1928 2192.44 13.1706
1929 2190.46 13.1787
1930 2188.49 13.1868
1931 2186.51 13.1949
1932 2184.54 13.2029
1933 2182.57 13.211
1934 2180.61 13.2191
1935 2178.64 13.2272
1936 2176.68 13.2353
1937 2174.72 13.2434
1938 2172.76 13.2515
1939 2170.8 13.2596
1940 2168.84 13.2677
1941 2166.89 13.2758
1942 2164.94 13.2839
1943 2162.99 13.292
1944 2161.04 13.3001
1945 2159.09 13.3082
1946 2157.15 13.3164
1947 2155.2 13.3245
1948 2153.26 13.3326
1949 2151.32 13.3407
1950 2149.39 13.3488
1951 2147.45 13.357
1952 2145.52 13.3651
1953 2143.58 13.3732
1954 2141.65 13.3814
1955 2139.73 13.3895
1956 2137.8 13.3976
1957 2135.87 13.4058
1958 2133.95 13.4139
1959 2132.03 13.4221
1960 2130.11 13.4302
1961 2128.19 13.4384
1962 2126.28 13.4465
1963 2124.36 13.4547
1964 2122.45 13.4629
1965 2120.54 13.471
1966 2118.63 13.4792
1967 2116.73 13.4873
1968 2114.82 13.4955
1969 2112.92 13.5037
1970 2111.02 13.5119
1971 2109.12 13.52
1972 2107.22 13.5282
1973 2105.33 13.5364
1974 2103.43 13.5446
1975 2101.54 13.5528
1976 2099.65 13.5609
1977 2097.76 13.5691
1978 2095.88 13.5773
1979 2093.99 13.5855
1980 2092.11 13.5937
1981 2090.23 13.6019
1982 2088.35 13.6101
1983 2086.47 13.6183
1984 2084.59 13.6265
1985 2082.72 13.6347
1986 2080.85 13.6429
1987 2078.98 13.6512
1988 2077.11 13.6594
1989 2075.24 13.6676
1990 2073.38 13.6758
1991 2071.52 13.684
1992 2069.66 13.6923
1993 2067.8 13.7005
1994 2065.94 13.7087
1995 2064.08 13.7169
1996 2062.23 13.7252
1997 2060.38 13.7334
1998 2058.53 13.7416
1999 2056.68 13.7499
2000 2054.83 13.7581
2001 2052.99 13.7664
2002 2051.14 13.7746
2003 2049.3 13.7829
2004 2047.46 13.7911
2005 2045.62 13.7994
2006 2043.79 13.8076
2007 2041.95 13.8159
2008 2040.12 13.8241
2009 2038.29 13.8324
2010 2036.46 13.8407
2011 2034.64 13.8489
2012 2032.81 13.8572
2013 2030.99 13.8655
2014 2029.17 13.8737
2015 2027.35 13.882
2016 2025.53 13.8903
2017 2023.71 13.8986
2018 2021.9 13.9068
2019 2020.09 13.9151
2020 2018.27 13.9234
2021 2016.47 13.9317
2022 2014.66 13.94
2023 2012.85 13.9483
2024 2011.05 13.9566
2025 2009.25 13.9649
2026 2007.45 13.9732
2027 2005.65 13.9815
2028 2003.85 13.9898
2029 2002.06 13.9981
2030 2000.26 14.0064
2031 1998.47 14.0147
2032 1996.68 14.023
2033 1994.9 14.0313
2034 1993.11 14.0396
2035 1991.33 14.048
2036 1989.54 14.0563
2037 1987.76 14.0646
2038 1985.98 14.0729
2039 1984.21 14.0813
2040 1982.43 14.0896
2041 1980.66 14.0979
2042 1978.89 14.1063
2043 1977.12 14.1146
2044 1975.35 14.1229
2045 1973.58 14.1313
2046 1971.82 14.1396
2047 1970.05 14.1479
2048 1968.29 14.1563
2049 1966.53 14.1646
2050 1964.77 14.173
2051 1963.02 14.1813
2052 1961.26 14.1897
2053 1959.51 14.1981
2054 1957.76 14.2064
2055 1956.01 14.2148
2056 1954.26 14.2231
2057 1952.52 14.2315
2058 1950.77 14.2399
2059 1949.03 14.2482
2060 1947.29 14.2566
2061 1945.55 14.265
2062 1943.82 14.2734
2063 1942.08 14.2817
2064 1940.35 14.2901
2065 1938.62 14.2985
2066 1936.89 14.3069
2067 1935.16 14.3153
2068 1933.43 14.3236
2069 1931.71 14.332
2070 1929.99 14.3404
2071 1928.26 14.3488
2072 1926.55 14.3572
2073 1924.83 14.3656
2074 1923.11 14.374
2075 1921.4 14.3824
2076 1919.68 14.3908
2077 1917.97 14.3992
2078 1916.27 14.4076
2079 1914.56 14.416
2080 1912.85 14.4245
2081 1911.15 14.4329
2082 1909.45 14.4413
2083 1907.75 14.4497
2084 1906.05 14.4581
2085 1904.35 14.4665
2086 1902.65 14.475
2087 1900.96 14.4834
2088 1899.27 14.4918
2089 1897.58 14.5003
2090 1895.89 14.5087
2091 1894.2 14.5171
2092 1892.52 14.5256
2093 1890.84 14.534
2094 1889.15 14.5424
2095 1887.47 14.5509
2096 1885.8 14.5593
2097 1884.12 14.5678
2098 1882.45 14.5762
2099 1880.77 14.5847
2100 1879.1 14.5931
2101 1877.43 14.6016
2102 1875.76 14.61
2103 1874.1 14.6185
2104 1872.43 14.6269
2105 1870.77 14.6354
2106 1869.11 14.6439
2107 1867.45 14.6523
2108 1865.79 14.6608
2109 1864.14 14.6693
2110 1862.48 14.6777
2111 1860.83 14.6862
2112 1859.18 14.6947
2113 1857.53 14.7032
2114 1855.88 14.7117
2115 1854.23 14.7201
2116 1852.59 14.7286
2117 1850.95 14.7371
2118 1849.31 14.7456
2119 1847.67 14.7541
2120 1846.03 14.7626
2121 1844.39 14.7711
2122 1842.76 14.7796
2123 1841.13 14.7881
2124 1839.5 14.7966
2125 1837.87 14.8051
2126 1836.24 14.8136
2127 1834.61 14.8221
2128 1832.99 14.8306
2129 1831.37 14.8391
2130 1829.75 14.8476
2131 1828.13 14.8561
2132 1826.51 14.8646
2133 1824.89 14.8731
2134 1823.28 14.8816
2135 1821.67 14.8902
2136 1820.06 14.8987
2137 1818.45 14.9072
2138 1816.84 14.9157
2139 1815.23 14.9243
2140 1813.63 14.9328
2141 1812.03 14.9413
2142 1810.42 14.9499
2143 1808.83 14.9584
2144 1807.23 14.9669
2145 1805.63 14.9755
2146 1804.04 14.984
2147 1802.44 14.9925
2148 1800.85 15.0011
2149 1799.26 15.0096
2150 1797.68 15.0182
2151 1796.09 15.0267
2152 1794.51 15.0353
2153 1792.92 15.0438
2154 1791.34 15.0524
2155 1789.76 15.0609
2156 1788.18 15.0695
2157 1786.61 15.0781
2158 1785.03 15.0866
2159 1783.46 15.0952
2160 1781.89 15.1038
2161 1780.32 15.1123
2162 1778.75 15.1209
2163 1777.18 15.1295
2164 1775.62 15.138
2165 1774.05 15.1466
2166 1772.49 15.1552
2167 1770.93 15.1638
2168 1769.37 15.1724
2169 1767.82 15.1809
2170 1766.26 15.1895
2171 1764.71 15.1981
2172 1763.16 15.2067
2173 1761.61 15.2153
2174 1760.06 15.2239
2175 1758.51 15.2325
2176 1756.96 15.2411
2177 1755.42 15.2497
2178 1753.88 15.2583
2179 1752.34 15.2669
2180 1750.8 15.2755
2181 1749.26 15.2841
2182 1747.72 15.2927
2183 1746.19 15.3013
2184 1744.66 15.3099
2185 1743.13 15.3185
2186 1741.6 15.3271
2187 1740.07 15.3357
2188 1738.54 15.3443
2189 1737.02 15.353
2190 1735.49 15.3616
2191 1733.97 15.3702
2192 1732.45 15.3788
2193 1730.93 15.3875
2194 1729.42 15.3961
2195 1727.9 15.4047
2196 1726.39 15.4133
2197 1724.88 15.422
2198 1723.36 15.4306
2199 1721.86 15.4392
2200 1720.35 15.4479
2201 1718.84 15.4565
2202 1717.34 15.4652
2203 1715.84 15.4738
2204 1714.33 15.4825
2205 1712.83 15.4911
2206 1711.34 15.4997
2207 1709.84 15.5084
2208 1708.34 15.517
2209 1706.85 15.5257
2210 1705.36 15.5344
2211 1703.87 15.543
2212 1702.38 15.5517
2213 1700.89 15.5603
2214 1699.41 15.569
2215 1697.92 15.5777
2216 1696.44 15.5863
2217 1694.96 15.595
2218 1693.48 15.6037
2219 1692 15.6123
2220 1690.53 15.621
2221 1689.05 15.6297
2222 1687.58 15.6384
2223 1686.11 15.647
2224 1684.64 15.6557
2225 1683.17 15.6644
2226 1681.7 15.6731
2227 1680.24 15.6818
2228 1678.77 15.6904
2229 1677.31 15.6991
2230 1675.85 15.7078
2231 1674.39 15.7165
2232 1672.93 15.7252
2233 1671.48 15.7339
2234 1670.02 15.7426
2235 1668.57 15.7513
2236 1667.12 15.76
2237 1665.67 15.7687
2238 1664.22 15.7774
2239 1662.77 15.7861
2240 1661.33 15.7948
2241 1659.88 15.8035
2242 1658.44 15.8122
2243 1657 15.8209
2244 1655.56 15.8296
2245 1654.12 15.8384
2246 1652.68 15.8471
2247 1651.25 15.8558
2248 1649.82 15.8645
2249 1648.38 15.8732
2250 1646.95 15.8819
2251 1645.52 15.8907
2252 1644.1 15.8994
2253 1642.67 15.9081
2254 1641.25 15.9169
2255 1639.82 15.9256
2256 1638.4 15.9343
2257 1636.98 15.943
2258 1635.56 15.9518
2259 1634.15 15.9605
2260 1632.73 15.9693
2261 1631.32 15.978
2262 1629.9 15.9867
2263 1628.49 15.9955
2264 1627.08 16.0042
2265 1625.68 16.013
2266 1624.27 16.0217
2267 1622.86 16.0305
2268 1621.46 16.0392
2269 1620.06 16.048
2270 1618.66 16.0567
2271 1617.26 16.0655
2272 1615.86 16.0742
2273 1614.46 16.083
2274 1613.07 16.0918
2275 1611.68 16.1005
2276 1610.29 16.1093
2277 1608.89 16.1181
2278 1607.51 16.1268
2279 1606.12 16.1356
2280 1604.73 16.1444
2281 1603.35 16.1531
2282 1601.97 16.1619
2283 1600.58 16.1707
2284 1599.2 16.1795
2285 1597.83 16.1882
2286 1596.45 16.197
2287 1595.07 16.2058
2288 1593.7 16.2146
2289 1592.33 16.2234
2290 1590.95 16.2322
2291 1589.58 16.2409
2292 1588.22 16.2497
2293 1586.85 16.2585
2294 1585.48 16.2673
2295 1584.12 16.2761
2296 1582.76 16.2849
2297 1581.4 16.2937
2298 1580.04 16.3025
2299 1578.68 16.3113
2300 1577.32 16.3201
2301 1575.96 16.3289
2302 1574.61 16.3377
2303 1573.26 16.3465
2304 1571.91 16.3553
2305 1570.56 16.3641
2306 1569.21 16.3729
2307 1567.86 16.3818
2308 1566.52 16.3906
2309 1565.17 16.3994
2310 1563.83 16.4082
2311 1562.49 16.417
2312 1561.15 16.4258
2313 1559.81 16.4347
2314 1558.47 16.4435
2315 1557.14 16.4523
2316 1555.8 16.4611
2317 1554.47 16.47
2318 1553.14 16.4788
2319 1551.81 16.4876
2320 1550.48 16.4965
2321 1549.15 16.5053
2322 1547.83 16.5141
2323 1546.5 16.523
2324 1545.18 16.5318
2325 1543.86 16.5406
2326 1542.54 16.5495
2327 1541.22 16.5583
2328 1539.9 16.5672
2329 1538.59 16.576
2330 1537.27 16.5849
2331 1535.96 16.5937
2332 1534.65 16.6026
2333 1533.34 16.6114
2334 1532.03 16.6203
2335 1530.72 16.6291
2336 1529.42 16.638
2337 1528.11 16.6468
2338 1526.81 16.6557
2339 1525.51 16.6645
2340 1524.21 16.6734
2341 1522.91 16.6823
2342 1521.61 16.6911
2343 1520.31 16.7
2344 1519.02 16.7089
2345 1517.72 16.7177
2346 1516.43 16.7266
2347 1515.14 16.7355
2348 1513.85 16.7444
2349 1512.56 16.7532
2350 1511.28 16.7621
2351 1509.99 16.771
2352 1508.71 16.7799
2353 1507.42 16.7887
2354 1506.14 16.7976
2355 1504.86 16.8065
2356 1503.58 16.8154
2357 1502.31 16.8243
2358 1501.03 16.8332
2359 1499.76 16.8421
2360 1498.48 16.8509
2361 1497.21 16.8598
2362 1495.94 16.8687
2363 1494.67 16.8776
2364 1493.4 16.8865
2365 1492.14 16.8954
2366 1490.87 16.9043
2367 1489.61 16.9132
2368 1488.35 16.9221
2369 1487.09 16.931
2370 1485.83 16.9399
2371 1484.57 16.9488
2372 1483.31 16.9577
2373 1482.05 16.9667
2374 1480.8 16.9756
2375 1479.55 16.9845
2376 1478.3 16.9934
2377 1477.04 17.0023
2378 1475.8 17.0112
2379 1474.55 17.0201
2380 1473.3 17.0291
2381 1472.06 17.038
2382 1470.81 17.0469
2383 1469.57 17.0558
2384 1468.33 17.0647
2385 1467.09 17.0737
2386 1465.85 17.0826
2387 1464.61 17.0915
2388 1463.38 17.1005
2389 1462.14 17.1094
2390 1460.91 17.1183
2391 1459.68 17.1273
2392 1458.45 17.1362
2393 1457.22 17.1451
2394 1455.99 17.1541
2395 1454.76 17.163
2396 1453.54 17.1719
2397 1452.31 17.1809
2398 1451.09 17.1898
2399 1449.87 17.1988
2400 1448.65 17.2077
2401 1447.43 17.2167
2402 1446.21 17.2256
2403 1445 17.2346
2404 1443.78 17.2435
2405 1442.57 17.2525
2406 1441.35 17.2614
2407 1440.14 17.2704
2408 1438.93 17.2793
2409 1437.73 17.2883
2410 1436.52 17.2973
2411 1435.31 17.3062
2412 1434.11 17.3152
2413 1432.9 17.3242
2414 1431.7 17.3331
2415 1430.5 17.3421
2416 1429.3 17.3511
2417 1428.1 17.36
2418 1426.91 17.369
2419 1425.71 17.378
2420 1424.52 17.3869
2421 1423.32 17.3959
2422 1422.13 17.4049
2423 1420.94 17.4139
2424 1419.75 17.4228
2425 1418.56 17.4318
2426 1417.37 17.4408
2427 1416.19 17.4498
2428 1415 17.4588
2429 1413.82 17.4678
2430 1412.64 17.4767
2431 1411.46 17.4857
2432 1410.28 17.4947
2433 1409.1 17.5037
2434 1407.92 17.5127
2435 1406.75 17.5217
2436 1405.57 17.5307
2437 1404.4 17.5397
2438 1403.23 17.5487
2439 1402.06 17.5577
2440 1400.89 17.5667
2441 1399.72 17.5757
2442 1398.55 17.5847
2443 1397.39 17.5937
2444 1396.22 17.6027
2445 1395.06 17.6117
2446 1393.9 17.6207
2447 1392.74 17.6297
2448 1391.58 17.6387
2449 1390.42 17.6477
2450 1389.26 17.6568
2451 1388.11 17.6658
2452 1386.95 17.6748
2453 1385.8 17.6838
2454 1384.65 17.6928
2455 1383.5 17.7018
2456 1382.35 17.7109
2457 1381.2 17.7199
2458 1380.05 17.7289
2459 1378.91 17.7379
2460 1377.76 17.747
2461 1376.62 17.756
2462 1375.48 17.765
2463 1374.33 17.774
2464 1373.19 17.7831
2465 1372.06 17.7921
2466 1370.92 17.8011
2467 1369.78 17.8102
2468 1368.65 17.8192
2469 1367.51 17.8282
2470 1366.38 17.8373
2471 1365.25 17.8463
2472 1364.12 17.8554
2473 1362.99 17.8644
2474 1361.86 17.8734
2475 1360.74 17.8825
2476 1359.61 17.8915
2477 1358.49 17.9006
2478 1357.36 17.9096
2479 1356.24 17.9187
2480 1355.12 17.9277
2481 1354 17.9368
2482 1352.88 17.9458
2483 1351.76 17.9549
2484 1350.65 17.9639
2485 1349.53 17.973
2486 1348.42 17.982
2487 1347.31 17.9911
2488 1346.2 18.0002
2489 1345.09 18.0092
2490 1343.98 18.0183
2491 1342.87 18.0274
2492 1341.76 18.0364
2493 1340.66 18.0455
2494 1339.55 18.0546
2495 1338.45 18.0636
2496 1337.35 18.0727
2497 1336.25 18.0818
2498 1335.15 18.0908
2499 1334.05 18.0999
2500 1332.95 18.109
