n	x	y	z
0 3 0 0
1 3.00831 0.0300841 0
2 3.01318 0.0610507 0
3 3.01456 0.092508 0
4 3.01244 0.124066 0
5 3.00683 0.155339 0
6 2.99779 0.18594 0
7 2.9854 0.215486 0
8 2.96977 0.243598 0
9 2.95107 0.269898 0
10 2.92949 0.294013 0
11 2.90527 0.315576 0
12 2.87871 0.334231 0
13 2.85014 0.349634 0
14 2.81999 0.361463 0
15 2.78872 0.369426 0
16 2.75687 0.373269 0
17 2.72504 0.37279 0
18 2.69392 0.367858 0
19 2.66425 0.358428 0
20 2.63679 0.344562 0
21 2.61235 0.326449 0
22 2.59169 0.304421 0
23 2.57552 0.278969 0
24 2.56444 0.25074 0
25 2.55886 0.22053 0
26 2.55901 0.189253 0
27 2.56487 0.157902 0
28 2.57622 0.127488 0
29 2.59261 0.0989833 0
30 2.61343 0.0732622 0
31 2.63797 0.0510574 0
32 2.66546 0.0329329 0
33 2.69508 0.019275 0
34 2.72606 0.0102996 0
35 2.75766 0.00606989 0
36 2.78918 0.00652021 0
37 2.82003 0.0114813 0
38 2.84964 0.0207043 0
39 2.87756 0.033882 0
40 2.90337 0.0506662 0
41 2.92673 0.0706812 0
42 2.94735 0.0935347 0
43 2.965 0.118825 0
44 2.97949 0.146147 0
45 2.99069 0.175095 0
46 2.99847 0.205266 0
47 3.00279 0.23626 0
48 3.00359 0.267681 0
49 3.00089 0.299139 0
50 2.9947 0.330245 0
51 2.9851 0.360618 0
52 2.97217 0.389878 0
53 2.95604 0.417651 0
54 2.93688 0.443568 0
55 2.91489 0.467267 0
56 2.89032 0.488391 0
57 2.86346 0.506598 0
58 2.83465 0.521559 0
59 2.80431 0.532969 0
60 2.77288 0.540549 0
61 2.74091 0.544061 0
62 2.70898 0.543318 0
63 2.67776 0.538201 0
64 2.64796 0.528671 0
65 2.62034 0.514794 0
66 2.59569 0.496756 0
67 2.57476 0.474879 0
68 2.55829 0.449635 0
69 2.54685 0.421649 0
70 2.54092 0.39169 0
71 2.54073 0.360647 0
72 2.5463 0.329491 0
73 2.55744 0.299221 0
74 2.5737 0.270809 0
75 2.59449 0.245138 0
76 2.61908 0.222957 0
77 2.64668 0.204849 0
78 2.67646 0.191221 0
79 2.70762 0.182304 0
80 2.73937 0.178172 0
81 2.77103 0.178762 0
82 2.80195 0.183903 0
83 2.83158 0.193341 0
84 2.85944 0.206759 0
85 2.88511 0.223795 0
86 2.90826 0.244061 0
87 2.92859 0.267153 0
88 2.94589 0.292656 0
89 2.95996 0.320154 0
90 2.97068 0.349233 0
91 2.97795 0.379481 0
92 2.98172 0.410492 0
93 2.98196 0.441867 0
94 2.97868 0.473214 0
95 2.97192 0.504144 0
96 2.96176 0.534277 0
97 2.9483 0.563239 0
98 2.93168 0.590662 0
99 2.91207 0.616184 0
100 2.88968 0.639452 0
101 2.86476 0.660122 0
102 2.8376 0.677864 0
103 2.80856 0.692364 0
104 2.77803 0.703331 0
105 2.74646 0.710501 0
106 2.71438 0.713653 0
107 2.68236 0.712612 0
108 2.65105 0.707271 0
109 2.62114 0.6976 0
110 2.59338 0.683669 0
111 2.56854 0.665661 0
112 2.54737 0.643891 0
113 2.53059 0.618816 0
114 2.51881 0.591041 0
115 2.5125 0.56131 0
116 2.51194 0.530488 0
117 2.51719 0.499525 0
118 2.52807 0.469405 0
119 2.54416 0.441096 0
120 2.56488 0.415485 0
121 2.58949 0.393336 0
122 2.61718 0.375251 0
123 2.64711 0.361654 0
124 2.67842 0.352794 0
125 2.71034 0.348753 0
126 2.74214 0.349475 0
127 2.77315 0.354787 0
128 2.80281 0.36443 0
129 2.83062 0.378076 0
130 2.85618 0.395353 0
131 2.87912 0.415861 0
132 2.89918 0.439181 0
133 2.91614 0.464888 0
134 2.9298 0.492553 0
135 2.94006 0.521753 0
136 2.94683 0.552068 0
137 2.95006 0.583087 0
138 2.94974 0.614407 0
139 2.9459 0.645633 0
140 2.93858 0.676377 0
141 2.92787 0.706261 0
142 2.91388 0.734914 0
143 2.89677 0.761975 0
144 2.87671 0.78709 0
145 2.85393 0.809914 0
146 2.82866 0.830116 0
147 2.80123 0.847377 0
148 2.77195 0.861398 0
149 2.74125 0.8719 0
150 2.70955 0.878637 0
151 2.67737 0.8814 0
152 2.64527 0.88003 0
153 2.61389 0.87443 0
154 2.5839 0.864579 0
155 2.55602 0.850551 0
156 2.53101 0.83253 0
157 2.50961 0.810824 0
158 2.49253 0.785878 0
159 2.48041 0.758279 0
160 2.47372 0.728749 0
161 2.47278 0.69813 0
162 2.47767 0.667351 0
163 2.48825 0.637381 0
164 2.50413 0.609179 0
165 2.52473 0.583638 0
166 2.54933 0.561529 0
167 2.57708 0.543473 0
168 2.60713 0.52991 0
169 2.6386 0.521103 0
170 2.67069 0.51715 0
171 2.70262 0.517996 0
172 2.73373 0.523472 0
173 2.76343 0.53331 0
174 2.79122 0.547175 0
175 2.81667 0.564684 0
176 2.83944 0.585424 0
177 2.85924 0.608963 0
178 2.87586 0.634864 0
179 2.88914 0.662688 0
180 2.89895 0.692 0
181 2.90522 0.722374 0
182 2.90792 0.753393 0
183 2.90706 0.784648 0
184 2.90265 0.815744 0
185 2.89478 0.846292 0
186 2.88353 0.875918 0
187 2.86903 0.904253 0
188 2.85144 0.930941 0
189 2.83094 0.955637 0
190 2.80776 0.978006 0
191 2.78217 0.997726 0
192 2.75445 1.01449 0
193 2.72496 1.02802 0
194 2.69409 1.03803 0
195 2.66227 1.04432 0
196 2.63 1.04667 0
197 2.59785 1.04494 0
198 2.56641 1.03904 0
199 2.53636 1.02898 0
200 2.50838 1.01481 0
201 2.48322 0.996737 0
202 2.46162 0.975053 0
203 2.44427 0.950195 0
204 2.43181 0.922735 0
205 2.42474 0.893376 0
206 2.4234 0.862938 0
207 2.42791 0.832329 0
208 2.43816 0.802503 0
209 2.45378 0.77441 0
210 2.47423 0.748942 0
211 2.49876 0.72688 0
212 2.52655 0.708857 0
213 2.55669 0.695329 0
214 2.58831 0.686577 0
215 2.62055 0.682706 0
216 2.65263 0.683672 0
217 2.68385 0.689302 0
218 2.71361 0.699327 0
219 2.74139 0.713403 0
220 2.76675 0.731136 0
221 2.78935 0.752099 0
222 2.80891 0.77585 0
223 2.82522 0.801937 0
224 2.83811 0.829911 0
225 2.84749 0.859328 0
226 2.85328 0.889753 0
227 2.85547 0.920763 0
228 2.85407 0.951946 0
229 2.84912 0.982904 0
230 2.8407 1.01325 0
231 2.82891 1.04261 0
232 2.81391 1.07061 0
233 2.79584 1.09692 0
234 2.77491 1.12119 0
235 2.75136 1.14309 0
236 2.72543 1.16231 0
237 2.69745 1.17857 0
238 2.66775 1.19158 0
239 2.63672 1.2011 0
240 2.60479 1.20691 0
241 2.57246 1.20882 0
242 2.54026 1.2067 0
243 2.50879 1.20049 0
244 2.47869 1.19017 0
245 2.45064 1.17583 0
246 2.42537 1.15766 0
247 2.40358 1.13596 0
248 2.38599 1.11115 0
249 2.37321 1.08379 0
250 2.36576 1.05457 0
251 2.36402 1.02429 0
252 2.36812 0.99383 0
253 2.378 0.964138 0
254 2.39333 0.93615 0
255 2.41357 0.910757 0
256 2.438 0.888745 0
257 2.46579 0.870758 0
258 2.49601 0.857268 0
259 2.52775 0.848568 0
260 2.56014 0.844778 0
261 2.59237 0.845857 0
262 2.62371 0.851636 0
263 2.65353 0.861841 0
264 2.68131 0.87612 0
265 2.70661 0.894068 0
266 2.72906 0.915248 0
267 2.7484 0.939203 0
268 2.7644 0.965469 0
269 2.77693 0.993587 0
270 2.78589 1.0231 0
271 2.79121 1.05357 0
272 2.7929 1.08456 0
273 2.79097 1.11567 0
274 2.78548 1.14648 0
275 2.77652 1.17661 0
276 2.76422 1.20569 0
277 2.74871 1.23336 0
278 2.73018 1.25928 0
279 2.70884 1.28311 0
280 2.68491 1.30453 0
281 2.65867 1.32325 0
282 2.63042 1.33899 0
283 2.60052 1.35147 0
284 2.56934 1.36047 0
285 2.53732 1.36579 0
286 2.50493 1.36724 0
287 2.47271 1.36472 0
288 2.44123 1.35815 0
289 2.41111 1.34755 0
290 2.38302 1.33301 0
291 2.35765 1.31471 0
292 2.33572 1.29295 0
293 2.3179 1.26815 0
294 2.30482 1.24085 0
295 2.29701 1.21173 0
296 2.29486 1.18157 0
297 2.29855 1.15125 0
298 2.30803 1.12167 0
299 2.32303 1.09378 0
300 2.34302 1.06846 0
301 2.36731 1.04649 0
302 2.39505 1.02854 0
303 2.42532 1.01509 0
304 2.45717 1.00645 0
305 2.4897 1.00273 0
306 2.52207 1.00392 0
307 2.55353 1.00984 0
308 2.58344 1.02022 0
309 2.61123 1.0347 0
310 2.63647 1.05285 0
311 2.65879 1.07424 0
312 2.67792 1.0984 0
313 2.69365 1.12484 0
314 2.70583 1.15309 0
315 2.71438 1.1827 0
316 2.71925 1.21321 0
317 2.72044 1.24418 0
318 2.718 1.27519 0
319 2.71199 1.30585 0
320 2.70251 1.33577 0
321 2.68969 1.36456 0
322 2.67369 1.39189 0
323 2.65471 1.41741 0
324 2.63295 1.44079 0
325 2.60866 1.46172 0
326 2.58211 1.47993 0
327 2.55362 1.49513 0
328 2.52352 1.50708 0
329 2.49221 1.51555 0
330 2.4601 1.52035 0
331 2.42768 1.52132 0
332 2.39545 1.51837 0
333 2.36397 1.51143 0
334 2.33385 1.50052 0
335 2.30575 1.48574 0
336 2.28032 1.46727 0
337 2.25827 1.44542 0
338 2.24026 1.42059 0
339 2.22691 1.39332 0
340 2.21876 1.36427 0
341 2.21621 1.33421 0
342 2.21947 1.30398 0
343 2.22854 1.2745 0
344 2.24317 1.2467 0
345 2.26288 1.22144 0
346 2.28698 1.19952 0
347 2.31463 1.18161 0
348 2.3449 1.16819 0
349 2.37684 1.15959 0
350 2.4095 1.15595 0
351 2.44201 1.15725 0
352 2.4736 1.16331 0
353 2.50359 1.17385 0
354 2.53141 1.18852 0
355 2.55662 1.20688 0
356 2.57883 1.22848 0
357 2.59777 1.25282 0
358 2.61323 1.27943 0
359 2.62508 1.30782 0
360 2.63324 1.33751 0
361 2.63767 1.36805 0
362 2.63838 1.39899 0
363 2.63544 1.42992 0
364 2.62891 1.46042 0
365 2.61892 1.49011 0
366 2.6056 1.51861 0
367 2.58912 1.54559 0
368 2.56969 1.5707 0
369 2.54753 1.59362 0
370 2.52289 1.61407 0
371 2.49604 1.63175 0
372 2.46731 1.6464 0
373 2.43703 1.6578 0
374 2.4056 1.66572 0
375 2.37343 1.67 0
376 2.34097 1.67048 0
377 2.30875 1.66707 0
378 2.2773 1.65973 0
379 2.24721 1.64849 0
380 2.21912 1.63344 0
381 2.19367 1.61478 0
382 2.17153 1.5928 0
383 2.15335 1.56791 0
384 2.13977 1.54063 0
385 2.1313 1.51162 0
386 2.12837 1.48161 0
387 2.1312 1.45146 0
388 2.13984 1.42206 0
389 2.15408 1.39432 0
390 2.17346 1.36911 0
391 2.19733 1.34723 0
392 2.22485 1.32935 0
393 2.2551 1.31596 0
394 2.28708 1.30741 0
395 2.31985 1.30385 0
396 2.3525 1.30524 0
397 2.38421 1.31143 0
398 2.4143 1.32214 0
399 2.44217 1.33699 0
400 2.46735 1.35555 0
401 2.48946 1.37735 0
402 2.50823 1.40188 0
403 2.52345 1.42866 0
404 2.53499 1.45717 0
405 2.54277 1.48695 0
406 2.54677 1.51752 0
407 2.54703 1.54843 0
408 2.54359 1.57926 0
409 2.53657 1.60959 0
410 2.52607 1.63905 0
411 2.51226 1.66726 0
412 2.49532 1.69388 0
413 2.47546 1.71857 0
414 2.4529 1.74104 0
415 2.42791 1.76098 0
416 2.40078 1.77812 0
417 2.37182 1.79223 0
418 2.34138 1.80306 0
419 2.30983 1.81043 0
420 2.2776 1.81416 0
421 2.24514 1.81414 0
422 2.21294 1.81026 0
423 2.18154 1.8025 0
424 2.15151 1.7909 0
425 2.12345 1.77556 0
426 2.098 1.75667 0
427 2.07581 1.73453 0
428 2.05751 1.70955 0
429 2.04372 1.68223 0
430 2.03497 1.65322 0
431 2.03167 1.62324 0
432 2.03409 1.59314 0
433 2.0423 1.56379 0
434 2.05611 1.53609 0
435 2.07513 1.51092 0
436 2.09873 1.48906 0
437 2.12608 1.4712 0
438 2.15626 1.45784 0
439 2.18827 1.44933 0
440 2.22112 1.44583 0
441 2.25389 1.44732 0
442 2.28573 1.45364 0
443 2.31592 1.46451 0
444 2.34384 1.47955 0
445 2.36902 1.4983 0
446 2.39105 1.52029 0
447 2.40967 1.54501 0
448 2.42466 1.57195 0
449 2.4359 1.60059 0
450 2.44332 1.63044 0
451 2.44692 1.66104 0
452 2.44673 1.69191 0
453 2.44282 1.72264 0
454 2.4353 1.75281 0
455 2.42432 1.78203 0
456 2.41003 1.80994 0
457 2.39263 1.83619 0
458 2.37234 1.86047 0
459 2.34941 1.88246 0
460 2.32409 1.90189 0
461 2.29668 1.9185 0
462 2.2675 1.93204 0
463 2.2369 1.94231 0
464 2.20526 1.94911 0
465 2.17298 1.95229 0
466 2.14053 1.95174 0
467 2.10838 1.94738 0
468 2.07704 1.93919 0
469 2.04709 1.9272 0
470 2.0191 1.91155 0
471 1.99368 1.89241 0
472 1.97147 1.87009 0
473 1.95309 1.84498 0
474 1.93913 1.81759 0
475 1.93012 1.78855 0
476 1.92649 1.75857 0
477 1.92851 1.72848 0
478 1.93628 1.69915 0
479 1.94967 1.67148 0
480 1.9683 1.64632 0
481 1.99158 1.62447 0
482 2.01872 1.60662 0
483 2.04879 1.59328 0
484 2.08079 1.5848 0
485 2.1137 1.58136 0
486 2.14657 1.58294 0
487 2.17853 1.58939 0
488 2.20882 1.60041 0
489 2.23682 1.61562 0
490 2.262 1.63457 0
491 2.28397 1.65675 0
492 2.30245 1.68165 0
493 2.31723 1.70875 0
494 2.32819 1.73751 0
495 2.33528 1.76745 0
496 2.33848 1.79807 0
497 2.33786 1.8289 0
498 2.33349 1.85953 0
499 2.3255 1.88952 0
500 2.31404 1.91851 0
501 2.29929 1.94611 0
502 2.28145 1.972 0
503 2.26075 1.99585 0
504 2.23744 2.01737 0
505 2.2118 2.03628 0
506 2.18412 2.05234 0
507 2.15474 2.06532 0
508 2.12399 2.075 0
509 2.09226 2.08123 0
510 2.05996 2.08385 0
511 2.02753 2.08276 0
512 1.99544 2.0779 0
513 1.96419 2.06926 0
514 1.93434 2.05688 0
515 1.90644 2.04089 0
516 1.8811 2.02148 0
517 1.85891 1.99895 0
518 1.84048 1.97368 0
519 1.82639 1.9462 0
520 1.81716 1.91709 0
521 1.81322 1.88709 0
522 1.81487 1.85699 0
523 1.82221 1.82765 0
524 1.83516 1.79997 0
525 1.85339 1.7748 0
526 1.87632 1.75295 0
527 1.90321 1.73509 0
528 1.93313 1.72175 0
529 1.96507 1.7133 0
530 1.99802 1.7099 0
531 2.03098 1.71157 0
532 2.06305 1.71813 0
533 2.09344 1.7293 0
534 2.12151 1.74469 0
535 2.14671 1.76382 0
536 2.16864 1.7862 0
537 2.187 1.81129 0
538 2.20159 1.83854 0
539 2.21229 1.86743 0
540 2.21905 1.89744 0
541 2.22188 1.92808 0
542 2.22084 1.95888 0
543 2.21603 1.9894 0
544 2.20758 2.01922 0
545 2.19565 2.04796 0
546 2.18045 2.07526 0
547 2.16218 2.10077 0
548 2.14108 2.1242 0
549 2.11741 2.14524 0
550 2.09146 2.16363 0
551 2.06353 2.17914 0
552 2.03395 2.19154 0
553 2.00307 2.20064 0
554 1.97127 2.20628 0
555 1.93896 2.20833 0
556 1.90656 2.20669 0
557 1.87455 2.20132 0
558 1.84341 2.19221 0
559 1.81368 2.17943 0
560 1.78591 2.16308 0
561 1.76066 2.14338 0
562 1.73853 2.12062 0
563 1.72009 2.09518 0
564 1.70591 2.06757 0
565 1.69651 2.03838 0
566 1.6923 2.00832 0
567 1.6936 1.97818 0
568 1.70053 1.94881 0
569 1.71305 1.9211 0
570 1.73085 1.89589 0
571 1.75341 1.87401 0
572 1.78001 1.85612 0
573 1.80973 1.84277 0
574 1.84159 1.83432 0
575 1.87453 1.83097 0
576 1.90755 1.8327 0
577 1.93972 1.83938 0
578 1.97022 1.85069 0
579 1.99836 1.86625 0
580 2.02359 1.88557 0
581 2.04549 1.90814 0
582 2.06376 1.93341 0
583 2.07817 1.96082 0
584 2.08863 1.98984 0
585 2.09509 2.01993 0
586 2.09756 2.05059 0
587 2.09612 2.08135 0
588 2.09088 2.11176 0
589 2.08198 2.14141 0
590 2.06961 2.16991 0
591 2.05396 2.19689 0
592 2.03527 2.22204 0
593 2.01379 2.24503 0
594 1.98978 2.26559 0
595 1.96353 2.28346 0
596 1.93536 2.2984 0
597 1.9056 2.31022 0
598 1.8746 2.31873 0
599 1.84274 2.32378 0
600 1.81042 2.32525 0
601 1.77807 2.32306 0
602 1.74616 2.31717 0
603 1.71515 2.30758 0
604 1.68557 2.29437 0
605 1.65794 2.27765 0
606 1.63282 2.25764 0
607 1.61078 2.23463 0
608 1.59237 2.209 0
609 1.57815 2.18125 0
610 1.56861 2.15195 0
611 1.56418 2.12181 0
612 1.56516 2.0916 0
613 1.57171 2.06218 0
614 1.58379 2.0344 0
615 1.60116 2.00914 0
616 1.62333 1.98719 0
617 1.6496 1.96925 0
618 1.6791 1.95587 0
619 1.71083 1.94741 0
620 1.74374 1.94408 0
621 1.7768 1.94588 0
622 1.80905 1.95266 0
623 1.83964 1.96411 0
624 1.86786 1.97983 0
625 1.89313 1.99934 0
626 1.91502 2.0221 0
627 1.93319 2.04755 0
628 1.94746 2.07512 0
629 1.9577 2.10426 0
630 1.96387 2.13443 0
631 1.966 2.16512 0
632 1.96418 2.19584 0
633 1.95852 2.22615 0
634 1.94919 2.25562 0
635 1.93639 2.28388 0
636 1.92031 2.31055 0
637 1.90122 2.33532 0
638 1.87936 2.35788 0
639 1.85501 2.37795 0
640 1.82848 2.39529 0
641 1.80008 2.40968 0
642 1.77014 2.42091 0
643 1.73904 2.42883 0
644 1.70713 2.43328 0
645 1.67482 2.43417 0
646 1.64255 2.43141 0
647 1.61074 2.42499 0
648 1.57988 2.41492 0
649 1.55047 2.40127 0
650 1.52301 2.38417 0
651 1.49806 2.36384 0
652 1.47614 2.34056 0
653 1.45781 2.31472 0
654 1.44358 2.2868 0
655 1.43395 2.25737 0
656 1.42933 2.22713 0
657 1.43003 2.19684 0
658 1.43623 2.16733 0
659 1.4479 2.13947 0
660 1.46484 2.11412 0
661 1.4866 2.09209 0
662 1.51252 2.07407 0
663 1.54175 2.06063 0
664 1.57331 2.05214 0
665 1.60615 2.04882 0
666 1.63922 2.05066 0
667 1.67154 2.05753 0
668 1.70222 2.06911 0
669 1.73051 2.085 0
670 1.75583 2.10469 0
671 1.77771 2.12764 0
672 1.79582 2.15327 0
673 1.80995 2.181 0
674 1.81998 2.21027 0
675 1.82589 2.24052 0
676 1.8277 2.27124 0
677 1.82551 2.30193 0
678 1.81946 2.33213 0
679 1.80971 2.36143 0
680 1.79648 2.38944 0
681 1.78 2.41581 0
682 1.76051 2.4402 0
683 1.73829 2.46232 0
684 1.71362 2.48191 0
685 1.68681 2.49872 0
686 1.6582 2.51254 0
687 1.6281 2.52319 0
688 1.5969 2.5305 0
689 1.56496 2.53436 0
690 1.53268 2.53465 0
691 1.50049 2.53133 0
692 1.46881 2.52437 0
693 1.43812 2.5138 0
694 1.4089 2.4997 0
695 1.38164 2.48221 0
696 1.35687 2.46154 0
697 1.33511 2.43799 0
698 1.31689 2.41192 0
699 1.30271 2.38382 0
700 1.29303 2.35425 0
701 1.28827 2.32389 0
702 1.28874 2.29349 0
703 1.29461 2.26388 0
704 1.3059 2.23592 0
705 1.32241 2.21046 0
706 1.34376 2.18831 0
707 1.36931 2.17019 0
708 1.39824 2.15665 0
709 1.4296 2.14811 0
710 1.46233 2.14477 0
711 1.49538 2.14665 0
712 1.52773 2.15359 0
713 1.55848 2.16529 0
714 1.58686 2.18133 0
715 1.61223 2.2012 0
716 1.63411 2.22434 0
717 1.65217 2.25015 0
718 1.66618 2.27806 0
719 1.67603 2.30746 0
720 1.68168 2.33779 0
721 1.68319 2.36854 0
722 1.68065 2.3992 0
723 1.67422 2.4293 0
724 1.66407 2.45843 0
725 1.65044 2.4862 0
726 1.63355 2.51226 0
727 1.61368 2.53627 0
728 1.59111 2.55796 0
729 1.56614 2.57706 0
730 1.53907 2.59334 0
731 1.51025 2.6066 0
732 1.48001 2.61665 0
733 1.44872 2.62337 0
734 1.41676 2.62661 0
735 1.38453 2.62632 0
736 1.35243 2.62242 0
737 1.3209 2.61492 0
738 1.29039 2.60385 0
739 1.26138 2.58929 0
740 1.23435 2.5714 0
741 1.2098 2.55039 0
742 1.18823 2.52654 0
743 1.17015 2.50024 0
744 1.15605 2.47195 0
745 1.14637 2.44222 0
746 1.14152 2.41173 0
747 1.14179 2.38121 0
748 1.14738 2.35147 0
749 1.15831 2.32338 0
750 1.17443 2.29778 0
751 1.19536 2.2755 0
752 1.22052 2.25724 0
753 1.24913 2.24359 0
754 1.28025 2.23497 0
755 1.31284 2.23158 0
756 1.34583 2.23347 0
757 1.3782 2.24047 0
758 1.40901 2.25227 0
759 1.43746 2.26846 0
760 1.46288 2.28851 0
761 1.48478 2.31183 0
762 1.5028 2.33784 0
763 1.5167 2.3659 0
764 1.52638 2.39544 0
765 1.5318 2.42587 0
766 1.53302 2.45665 0
767 1.53015 2.48728 0
768 1.52335 2.51729 0
769 1.51283 2.54626 0
770 1.4988 2.57379 0
771 1.48153 2.59953 0
772 1.4613 2.62318 0
773 1.43839 2.64443 0
774 1.41312 2.66304 0
775 1.3858 2.67879 0
776 1.35679 2.69148 0
777 1.32642 2.70095 0
778 1.29506 2.70706 0
779 1.26309 2.7097 0
780 1.23091 2.7088 0
781 1.19892 2.70433 0
782 1.16755 2.69628 0
783 1.13725 2.6847 0
784 1.10847 2.66969 0
785 1.08169 2.65139 0
786 1.05738 2.63002 0
787 1.03604 2.60588 0
788 1.01814 2.57933 0
789 1.00416 2.55083 0
790 0.994526 2.52094 0
791 0.989625 2.4903 0
792 0.989754 2.45965 0
793 0.995101 2.42978 0
794 1.00571 2.40154 0
795 1.02144 2.37578 0
796 1.04197 2.35333 0
797 1.06674 2.33491 0
798 1.09501 2.32112 0
799 1.12586 2.31238 0
800 1.15827 2.30893 0
801 1.19118 2.31079 0
802 1.22354 2.31783 0
803 1.25439 2.32973 0
804 1.2829 2.34605 0
805 1.30837 2.36627 0
806 1.33029 2.38978 0
807 1.34828 2.41597 0
808 1.36209 2.44421 0
809 1.37162 2.47389 0
810 1.37683 2.50442 0
811 1.37778 2.53524 0
812 1.37459 2.56585 0
813 1.36745 2.59577 0
814 1.35655 2.62457 0
815 1.34215 2.65187 0
816 1.32451 2.67731 0
817 1.30392 2.70058 0
818 1.28069 2.72141 0
819 1.25514 2.73953 0
820 1.22759 2.75475 0
821 1.19839 2.76688 0
822 1.1679 2.77575 0
823 1.13648 2.78125 0
824 1.10452 2.78329 0
825 1.07241 2.78179 0
826 1.04055 2.77674 0
827 1.00936 2.76814 0
828 0.979274 2.75605 0
829 0.950747 2.74057 0
830 0.924231 2.72186 0
831 0.900194 2.70013 0
832 0.879103 2.67568 0
833 0.861424 2.64888 0
834 0.847604 2.62018 0
835 0.83806 2.59011 0
836 0.833158 2.55932 0
837 0.83319 2.52852 0
838 0.838343 2.4985 0
839 0.848668 2.4701 0
840 0.864052 2.44418 0
841 0.884188 2.42154 0
842 0.908566 2.40293 0
843 0.936477 2.38896 0
844 0.96704 2.38008 0
845 0.999249 2.37652 0
846 1.03204 2.37834 0
847 1.06436 2.38539 0
848 1.09523 2.39736 0
849 1.12378 2.4138 0
850 1.1493 2.43418 0
851 1.17125 2.45787 0
852 1.18921 2.48425 0
853 1.20295 2.51267 0
854 1.21234 2.5425 0
855 1.21735 2.57313 0
856 1.21805 2.604 0
857 1.21457 2.6346 0
858 1.20709 2.66444 0
859 1.19584 2.69309 0
860 1.18108 2.72015 0
861 1.16308 2.7453 0
862 1.14216 2.7682 0
863 1.11862 2.78859 0
864 1.09279 2.80624 0
865 1.06502 2.82093 0
866 1.03566 2.83249 0
867 1.00506 2.84077 0
868 0.973597 2.84567 0
869 0.941653 2.84709 0
870 0.909619 2.845 0
871 0.877897 2.83936 0
872 0.846901 2.83021 0
873 0.817057 2.81761 0
874 0.7888 2.80166 0
875 0.762575 2.78253 0
876 0.738833 2.76044 0
877 0.718024 2.73569 0
878 0.700595 2.70863 0
879 0.686974 2.67971 0
880 0.67756 2.64946 0
881 0.672703 2.61852 0
882 0.672686 2.58757 0
883 0.677691 2.5574 0
884 0.687777 2.52883 0
885 0.702844 2.50271 0
886 0.722614 2.47987 0
887 0.74661 2.46105 0
888 0.774159 2.44687 0
889 0.804413 2.43781 0
890 0.83639 2.43411 0
891 0.869035 2.43585 0
892 0.901289 2.44289 0
893 0.932152 2.45491 0
894 0.960736 2.47146 0
895 0.9863 2.49198 0
896 1.00827 2.51586 0
897 1.02622 2.54242 0
898 1.0399 2.57102 0
899 1.04916 2.601 0
900 1.054 2.63174 0
901 1.05446 2.66268 0
902 1.0507 2.69327 0
903 1.0429 2.72303 0
904 1.03132 2.75153 0
905 1.01621 2.77838 0
906 0.997868 2.80322 0
907 0.976617 2.82577 0
908 0.95278 2.84574 0
909 0.926696 2.8629 0
910 0.898716 2.87707 0
911 0.869196 2.88806 0
912 0.838502 2.89576 0
913 0.807008 2.90005 0
914 0.775096 2.90087 0
915 0.743156 2.89817 0
916 0.711588 2.89196 0
917 0.680799 2.88225 0
918 0.651209 2.86913 0
919 0.62324 2.85271 0
920 0.597327 2.83316 0
921 0.573903 2.81071 0
922 0.553404 2.78564 0
923 0.536257 2.75832 0
924 0.522871 2.72919 0
925 0.513628 2.69877 0
926 0.508862 2.66766 0
927 0.508843 2.63656 0
928 0.513749 2.60623 0
929 0.52364 2.57749 0
930 0.538431 2.55118 0
931 0.557864 2.52811 0
932 0.581494 2.50906 0
933 0.608683 2.49465 0
934 0.638616 2.48536 0
935 0.670338 2.4815 0
936 0.702809 2.48312 0
937 0.734969 2.49011 0
938 0.765804 2.50216 0
939 0.794404 2.51879 0
940 0.820002 2.53946 0
941 0.841993 2.5635 0
942 0.859941 2.59025 0
943 0.873563 2.61903 0
944 0.882719 2.64917 0
945 0.887384 2.68003 0
946 0.887629 2.71103 0
947 0.883601 2.74163 0
948 0.875507 2.77133 0
949 0.863597 2.79969 0
950 0.848156 2.82632 0
951 0.82949 2.85088 0
952 0.807927 2.87307 0
953 0.783806 2.89262 0
954 0.757478 2.90931 0
955 0.7293 2.92295 0
956 0.699637 2.93339 0
957 0.668859 2.9405 0
958 0.637345 2.94419 0
959 0.605477 2.9444 0
960 0.573644 2.94111 0
961 0.542243 2.93431 0
962 0.511677 2.92405 0
963 0.482356 2.91042 0
964 0.454694 2.89353 0
965 0.429111 2.87356 0
966 0.406029 2.85074 0
967 0.385865 2.82536 0
968 0.369029 2.79778 0
969 0.355913 2.76843 0
970 0.34688 2.73783 0
971 0.342248 2.70656 0
972 0.342274 2.67531 0
973 0.347129 2.64483 0
974 0.356874 2.61591 0
975 0.37143 2.58939 0
976 0.390561 2.5661 0
977 0.413848 2.54679 0
978 0.440685 2.53212 0
979 0.470292 2.52259 0
980 0.501744 2.51852 0
981 0.534017 2.51999 0
982 0.566057 2.5269 0
983 0.596841 2.53893 0
984 0.625439 2.55563 0
985 0.651059 2.57642 0
986 0.673071 2.60062 0
987 0.691014 2.62756 0
988 0.704591 2.65652 0
989 0.71365 2.68682 0
990 0.718163 2.71781 0
991 0.718204 2.74889 0
992 0.713927 2.7795 0
993 0.705548 2.80914 0
994 0.69333 2.83737 0
995 0.677571 2.8638 0
996 0.65859 2.88809 0
997 0.636729 2.90992 0
998 0.612337 2.92906 0
999 0.585776 2.94528 0
1000 0.557413 2.95841 0
1001 0.527619 2.96829 0
1002 0.49677 2.97482 0
1003 0.465248 2.97791 0
1004 0.433436 2.97752 0
1005 0.401723 2.97363 0
1006 0.370502 2.96625 0
1007 0.340173 2.95544 0
1008 0.311135 2.94129 0
1009 0.283796 2.92393 0
1010 0.258564 2.90354 0
1011 0.235844 2.88036 0
1012 0.21604 2.85467 0
1013 0.199544 2.82683 0
1014 0.18673 2.79727 0
1015 0.177944 2.76649 0
1016 0.173488 2.73507 0
1017 0.173605 2.70367 0
1018 0.178457 2.67303 0
1019 0.188102 2.64394 0
1020 0.20247 2.61722 0
1021 0.221337 2.59369 0
1022 0.244308 2.57411 0
1023 0.27081 2.55916 0
1024 0.300094 2.54936 0
1025 0.331265 2.54504 0
1026 0.363322 2.54633 0
1027 0.395218 2.55312 0
1028 0.425928 2.56511 0
1029 0.454505 2.58184 0
1030 0.480135 2.60273 0
1031 0.502162 2.62708 0
1032 0.520102 2.6542 0
1033 0.53364 2.68334 0
1034 0.542612 2.71381 0
1035 0.546986 2.74494 0
1036 0.546837 2.7761 0
1037 0.542326 2.80674 0
1038 0.533677 2.83633 0
1039 0.521166 2.86445 0
1040 0.505102 2.89068 0
1041 0.485821 2.9147 0
1042 0.463673 2.9362 0
1043 0.439023 2.95493 0
1044 0.412242 2.97069 0
1045 0.383705 2.9833 0
1046 0.353792 2.99264 0
1047 0.322883 2.99859 0
1048 0.291365 3.00108 0
1049 0.259621 3.00009 0
1050 0.22804 2.99561 0
1051 0.197013 2.98766 0
1052 0.166933 2.9763 0
1053 0.138195 2.96163 0
1054 0.111194 2.94381 0
1055 0.0863289 2.923 0
1056 0.0639918 2.89945 0
1057 0.0445706 2.87345 0
1058 0.0284413 2.84535 0
1059 0.0159607 2.81558 0
1060 0.00745701 2.78462 0
1061 0.00321649 2.75306 0
1062 0.00346803 2.72152 0
1063 0.00836395 2.69074 0
1064 0.0179583 2.66148 0
1065 0.0321835 2.63456 0
1066 0.0508281 2.61079 0
1067 0.0735179 2.59094 0
1068 0.0997062 2.57569 0
1069 0.128677 2.56559 0
1070 0.159563 2.56099 0
1071 0.19139 2.56205 0
1072 0.223124 2.56868 0
1073 0.253738 2.5806 0
1074 0.282276 2.59733 0
1075 0.307901 2.61829 0
1076 0.329936 2.64278 0
1077 0.347872 2.67006 0
1078 0.361375 2.69939 0
1079 0.37027 2.73003 0
1080 0.374517 2.7613 0
1081 0.374191 2.79256 0
1082 0.369458 2.82323 0
1083 0.360554 2.8528 0
1084 0.347763 2.88081 0
1085 0.331409 2.90686 0
1086 0.311839 2.93062 0
1087 0.289418 2.95179 0
1088 0.264522 2.97012 0
1089 0.237532 2.98543 0
1090 0.208833 2.99754 0
1091 0.178812 3.00633 0
1092 0.147856 3.01171 0
1093 0.116352 3.01362 0
1094 0.0846878 3.01203 0
1095 0.0532512 3.00695 0
1096 0.0224301 2.99843 0
1097 -0.00738743 2.98652 0
1098 -0.0358131 2.97135 0
1099 -0.0624592 2.95306 0
1100 -0.0869405 2.93184 0
1101 -0.108876 2.90793 0
1102 -0.127893 2.88162 0
1103 -0.14363 2.85327 0
1104 -0.155749 2.82329 0
1105 -0.163937 2.79217 0
1106 -0.167925 2.76046 0
1107 -0.167497 2.72879 0
1108 -0.162512 2.69788 0
1109 -0.152921 2.66846 0
1110 -0.138791 2.64135 0
1111 -0.120325 2.61734 0
1112 -0.0978796 2.59721 0
1113 -0.0719771 2.58165 0
1114 -0.0433047 2.57123 0
1115 -0.0126984 2.56633 0
1116 0.0188908 2.56712 0
1117 0.0504463 2.57355 0
1118 0.0809463 2.58535 0
1119 0.109426 2.60205 0
1120 0.135034 2.62306 0
1121 0.157067 2.64766 0
1122 0.174996 2.6751 0
1123 0.188468 2.7046 0
1124 0.197292 2.73542 0
1125 0.201422 2.76684 0
1126 0.200932 2.79821 0
1127 0.195991 2.82893 0
1128 0.186844 2.85848 0
1129 0.173787 2.88639 0
1130 0.157155 2.91228 0
1131 0.137309 2.93579 0
1132 0.114627 2.95664 0
1133 0.089496 2.97459 0
1134 0.0623086 2.98945 0
1135 0.0334589 3.00106 0
1136 0.00334102 3.00931 0
1137 -0.0276522 3.01413 0
1138 -0.0591298 3.01545 0
1139 -0.0907027 3.01328 0
1140 -0.121984 3.00762 0
1141 -0.152587 2.99852 0
1142 -0.182129 2.98608 0
1143 -0.210229 2.9704 0
1144 -0.236507 2.95164 0
1145 -0.260588 2.93001 0
1146 -0.282104 2.90574 0
1147 -0.300696 2.87913 0
1148 -0.316019 2.85054 0
1149 -0.327748 2.82036 0
1150 -0.33559 2.78907 0
1151 -0.339289 2.75723 0
1152 -0.338645 2.72545 0
1153 -0.333527 2.69441 0
1154 -0.323894 2.66485 0
1155 -0.309813 2.63755 0
1156 -0.291481 2.61331 0
1157 -0.269239 2.59291 0
1158 -0.24359 2.57704 0
1159 -0.215194 2.56628 0
1160 -0.184859 2.56105 0
1161 -0.153508 2.56154 0
1162 -0.122141 2.56773 0
1163 -0.0917704 2.57937 0
1164 -0.0633645 2.596 0
1165 -0.0377897 2.61702 0
1166 -0.0157673 2.64171 0
1167 0.00215153 2.66929 0
1168 0.0155928 2.69897 0
1169 0.0243515 2.72996 0
1170 0.0283731 2.76153 0
1171 0.0277295 2.79302 0
1172 0.0225937 2.8238 0
1173 0.0132164 2.85334 0
1174 -9.47903e-05 2.88118 0
1175 -0.0169925 2.90691 0
1176 -0.0371026 2.93018 0
1177 -0.0600347 2.95073 0
1178 -0.0853893 2.9683 0
1179 -0.112763 2.98273 0
1180 -0.141753 2.99385 0
1181 -0.171957 3.00158 0
1182 -0.202977 3.00583 0
1183 -0.234417 3.00658 0
1184 -0.265888 3.00382 0
1185 -0.297002 2.99759 0
1186 -0.327377 2.98793 0
1187 -0.356632 2.97495 0
1188 -0.384393 2.95877 0
1189 -0.410289 2.93956 0
1190 -0.433955 2.91752 0
1191 -0.455035 2.8929 0
1192 -0.473183 2.86599 0
1193 -0.488069 2.83715 0
1194 -0.499384 2.80678 0
1195 -0.50685 2.77534 0
1196 -0.510228 2.74338 0
1197 -0.509331 2.71149 0
1198 -0.50404 2.68034 0
1199 -0.49432 2.65065 0
1200 -0.480242 2.62319 0
1201 -0.461997 2.59874 0
1202 -0.439918 2.57807 0
1203 -0.414487 2.56188 0
1204 -0.386341 2.55078 0
1205 -0.35626 2.54519 0
1206 -0.325143 2.54535 0
1207 -0.293968 2.55126 0
1208 -0.263738 2.56269 0
1209 -0.23542 2.57921 0
1210 -0.209891 2.60022 0
1211 -0.187889 2.62497 0
1212 -0.169986 2.65267 0
1213 -0.156576 2.6825 0
1214 -0.147878 2.71367 0
1215 -0.143957 2.7454 0
1216 -0.144745 2.77701 0
1217 -0.150065 2.80787 0
1218 -0.159661 2.83742 0
1219 -0.173214 2.86519 0
1220 -0.190366 2.89078 0
1221 -0.21073 2.91384 0
1222 -0.233901 2.93408 0
1223 -0.259469 2.9513 0
1224 -0.287019 2.9653 0
1225 -0.316139 2.97595 0
1226 -0.346419 2.98315 0
1227 -0.377455 2.98686 0
1228 -0.408849 2.98704 0
1229 -0.440207 2.9837 0
1230 -0.471144 2.97689 0
1231 -0.501278 2.96668 0
1232 -0.530235 2.95317 0
1233 -0.557645 2.93649 0
1234 -0.583146 2.91683 0
1235 -0.606383 2.89439 0
1236 -0.627011 2.86942 0
1237 -0.644698 2.84223 0
1238 -0.659127 2.81315 0
1239 -0.670005 2.78259 0
1240 -0.677069 2.75101 0
1241 -0.680095 2.71894 0
1242 -0.67891 2.68696 0
1243 -0.673406 2.65571 0
1244 -0.663557 2.62591 0
1245 -0.649437 2.59831 0
1246 -0.631236 2.57366 0
1247 -0.609275 2.55273 0
1248 -0.584024 2.53624 0
1249 -0.556096 2.52478 0
1250 -0.526249 2.51882 0
1251 -0.495355 2.51862 0
1252 -0.464372 2.52422 0
1253 -0.434289 2.53541 0
1254 -0.40607 2.55178 0
1255 -0.380598 2.57272 0
1256 -0.358626 2.5975 0
1257 -0.340744 2.6253 0
1258 -0.327366 2.65528 0
1259 -0.318726 2.68662 0
1260 -0.314899 2.71851 0
1261 -0.315822 2.75025 0
1262 -0.321317 2.78119 0
1263 -0.331121 2.81077 0
1264 -0.344906 2.83849 0
1265 -0.362302 2.86395 0
1266 -0.382908 2.8868 0
1267 -0.406309 2.90677 0
1268 -0.43208 2.92364 0
1269 -0.459797 2.93722 0
1270 -0.489038 2.94741 0
1271 -0.519384 2.9541 0
1272 -0.550427 2.95727 0
1273 -0.581764 2.95689 0
1274 -0.613 2.95299 0
1275 -0.64375 2.94561 0
1276 -0.673634 2.93485 0
1277 -0.702282 2.92081 0
1278 -0.72933 2.90365 0
1279 -0.754424 2.88355 0
1280 -0.777218 2.86071 0
1281 -0.79738 2.8354 0
1282 -0.814588 2.80792 0
1283 -0.828541 2.77862 0
1284 -0.838961 2.74788 0
1285 -0.845598 2.71617 0
1286 -0.848243 2.684 0
1287 -0.846738 2.65194 0
1288 -0.840985 2.62062 0
1289 -0.830968 2.59073 0
1290 -0.816764 2.56299 0
1291 -0.798562 2.53817 0
1292 -0.776677 2.51701 0
1293 -0.751566 2.50022 0
1294 -0.723823 2.48841 0
1295 -0.694183 2.48208 0
1296 -0.663496 2.4815 0
1297 -0.632697 2.48674 0
1298 -0.602762 2.49765 0
1299 -0.574648 2.51381 0
1300 -0.549242 2.53465 0
1301 -0.527308 2.55943 0
1302 -0.509454 2.5873 0
1303 -0.496109 2.61741 0
1304 -0.487525 2.64891 0
1305 -0.483788 2.68097 0
1306 -0.484839 2.71285 0
1307 -0.4905 2.74388 0
1308 -0.500502 2.77349 0
1309 -0.51451 2.80118 0
1310 -0.532139 2.82653 0
1311 -0.552979 2.8492 0
1312 -0.5766 2.8689 0
1313 -0.602566 2.88543 0
1314 -0.630441 2.89861 0
1315 -0.659793 2.90834 0
1316 -0.690197 2.91454 0
1317 -0.721238 2.91718 0
1318 -0.752509 2.91625 0
1319 -0.783614 2.91179 0
1320 -0.814167 2.90386 0
1321 -0.843791 2.89255 0
1322 -0.872119 2.878 0
1323 -0.898795 2.86036 0
1324 -0.92347 2.83981 0
1325 -0.94581 2.81659 0
1326 -0.965491 2.79095 0
1327 -0.982207 2.76319 0
1328 -0.995667 2.73367 0
1329 -1.00561 2.70277 0
1330 -1.0118 2.67094 0
1331 -1.01403 2.63868 0
1332 -1.01218 2.60656 0
1333 -1.00614 2.57518 0
1334 -0.995921 2.54522 0
1335 -0.981592 2.51738 0
1336 -0.963347 2.49241 0
1337 -0.941497 2.47103 0
1338 -0.916484 2.45396 0
1339 -0.88889 2.44182 0
1340 -0.859428 2.43509 0
1341 -0.828926 2.43412 0
1342 -0.7983 2.43899 0
1343 -0.768508 2.44957 0
1344 -0.740502 2.46549 0
1345 -0.715167 2.48619 0
1346 -0.693278 2.51091 0
1347 -0.675455 2.53883 0
1348 -0.662147 2.56905 0
1349 -0.653618 2.60069 0
1350 -0.649967 2.63291 0
1351 -0.651139 2.66493 0
1352 -0.656958 2.69608 0
1353 -0.667151 2.72574 0
1354 -0.681371 2.75341 0
1355 -0.699226 2.77866 0
1356 -0.720291 2.80115 0
1357 -0.744124 2.82061 0
1358 -0.770276 2.83682 0
1359 -0.798301 2.84962 0
1360 -0.827757 2.85891 0
1361 -0.858211 2.86462 0
1362 -0.889242 2.86674 0
1363 -0.920439 2.86527 0
1364 -0.951404 2.86025 0
1365 -0.981751 2.85178 0
1366 -1.01111 2.83994 0
1367 -1.03911 2.82488 0
1368 -1.0654 2.80677 0
1369 -1.08964 2.78579 0
1370 -1.11152 2.76219 0
1371 -1.13071 2.73622 0
1372 -1.14691 2.7082 0
1373 -1.15987 2.67846 0
1374 -1.16931 2.64741 0
1375 -1.17503 2.61547 0
1376 -1.17684 2.58314 0
1377 -1.1746 2.55097 0
1378 -1.16826 2.51956 0
1379 -1.15779 2.48955 0
1380 -1.1433 2.46163 0
1381 -1.12497 2.43653 0
1382 -1.10312 2.41497 0
1383 -1.07816 2.39764 0
1384 -1.05068 2.38517 0
1385 -1.02136 2.37807 0
1386 -0.99102 2.37668 0
1387 -0.96055 2.38115 0
1388 -0.930893 2.39138 0
1389 -0.902991 2.40702 0
1390 -0.877729 2.42753 0
1391 -0.855888 2.45216 0
1392 -0.838102 2.48009 0
1393 -0.824831 2.51039 0
1394 -0.816356 2.54216 0
1395 -0.812787 2.57454 0
1396 -0.814076 2.60671 0
1397 -0.820047 2.63796 0
1398 -0.830421 2.66768 0
1399 -0.844847 2.69535 0
1400 -0.86292 2.72053 0
1401 -0.884202 2.74287 0
1402 -0.908239 2.76209 0
1403 -0.934571 2.77799 0
1404 -0.962739 2.79042 0
1405 -0.992291 2.79929 0
1406 -1.02279 2.80453 0
1407 -1.0538 2.80613 0
1408 -1.08492 2.80413 0
1409 -1.11573 2.79858 0
1410 -1.14587 2.78957 0
1411 -1.17494 2.77721 0
1412 -1.20261 2.76165 0
1413 -1.22851 2.74307 0
1414 -1.25232 2.72167 0
1415 -1.27371 2.6977 0
1416 -1.2924 2.67142 0
1417 -1.30808 2.64314 0
1418 -1.32051 2.6132 0
1419 -1.32944 2.582 0
1420 -1.33467 2.54997 0
1421 -1.33603 2.51758 0
1422 -1.33339 2.48539 0
1423 -1.3267 2.45395 0
1424 -1.31597 2.42392 0
1425 -1.30128 2.39595 0
1426 -1.28283 2.37075 0
1427 -1.26093 2.34903 0
1428 -1.23599 2.33147 0
1429 -1.20858 2.31869 0
1430 -1.17938 2.31122 0
1431 -1.14917 2.30943 0
1432 -1.11883 2.31349 0
1433 -1.0893 2.32332 0
1434 -1.06149 2.33864 0
1435 -1.0363 2.35891 0
1436 -1.01451 2.38342 0
1437 -0.996758 2.41132 0
1438 -0.983525 2.44167 0
1439 -0.975105 2.47356 0
1440 -0.971615 2.50607 0
1441 -0.973015 2.53839 0
1442 -0.979131 2.56976 0
1443 -0.989682 2.59956 0
1444 -1.00431 2.62724 0
1445 -1.02259 2.65235 0
1446 -1.04408 2.67455 0
1447 -1.06832 2.69356 0
1448 -1.09482 2.70918 0
1449 -1.12313 2.72125 0
1450 -1.15277 2.72971 0
1451 -1.1833 2.73449 0
1452 -1.21429 2.7356 0
1453 -1.24532 2.73308 0
1454 -1.27598 2.727 0
1455 -1.30589 2.71746 0
1456 -1.33469 2.70459 0
1457 -1.362 2.68854 0
1458 -1.3875 2.66951 0
1459 -1.41086 2.6477 0
1460 -1.43177 2.62336 0
1461 -1.44994 2.59677 0
1462 -1.4651 2.56824 0
1463 -1.47699 2.53812 0
1464 -1.48539 2.50678 0
1465 -1.49012 2.47466 0
1466 -1.491 2.44224 0
1467 -1.48794 2.41003 0
1468 -1.48088 2.3786 0
1469 -1.46985 2.34857 0
1470 -1.45493 2.32058 0
1471 -1.43633 2.29531 0
1472 -1.41434 2.27346 0
1473 -1.38939 2.25569 0
1474 -1.36202 2.24264 0
1475 -1.33289 2.23482 0
1476 -1.30278 2.23262 0
1477 -1.27255 2.23625 0
1478 -1.24311 2.24568 0
1479 -1.21539 2.26064 0
1480 -1.19027 2.28064 0
1481 -1.16852 2.30497 0
1482 -1.15081 2.33279 0
1483 -1.13761 2.36317 0
1484 -1.12924 2.39515 0
1485 -1.12583 2.42779 0
1486 -1.12734 2.46025 0
1487 -1.1336 2.49175 0
1488 -1.14432 2.52163 0
1489 -1.15913 2.54933 0
1490 -1.17762 2.57441 0
1491 -1.19932 2.59649 0
1492 -1.22375 2.6153 0
1493 -1.25042 2.63064 0
1494 -1.27886 2.64238 0
1495 -1.30858 2.65043 0
1496 -1.33915 2.65477 0
1497 -1.37011 2.6554 0
1498 -1.40104 2.65238 0
1499 -1.43154 2.64578 0
1500 -1.46123 2.63573 0
1501 -1.48973 2.62235 0
1502 -1.51669 2.60582 0
1503 -1.54178 2.58634 0
1504 -1.56469 2.56413 0
1505 -1.5851 2.53944 0
1506 -1.60275 2.51256 0
1507 -1.61736 2.48379 0
1508 -1.6287 2.45348 0
1509 -1.63657 2.42203 0
1510 -1.64077 2.38984 0
1511 -1.64116 2.35739 0
1512 -1.63765 2.32519 0
1513 -1.63021 2.29378 0
1514 -1.61884 2.26377 0
1515 -1.60367 2.23578 0
1516 -1.58488 2.21048 0
1517 -1.56277 2.18853 0
1518 -1.53777 2.1706 0
1519 -1.5104 2.15729 0
1520 -1.48131 2.14915 0
1521 -1.45127 2.14656 0
1522 -1.42112 2.14977 0
1523 -1.39177 2.15877 0
1524 -1.36412 2.17334 0
1525 -1.33904 2.19303 0
1526 -1.31734 2.21714 0
1527 -1.29966 2.24485 0
1528 -1.28649 2.27521 0
1529 -1.27817 2.30724 0
1530 -1.27483 2.34 0
1531 -1.27644 2.3726 0
1532 -1.28284 2.40422 0
1533 -1.29372 2.4342 0
1534 -1.30873 2.46194 0
1535 -1.32742 2.48698 0
1536 -1.34932 2.50896 0
1537 -1.37393 2.52759 0
1538 -1.40077 2.54268 0
1539 -1.42933 2.5541 0
1540 -1.45914 2.56177 0
1541 -1.48973 2.56568 0
1542 -1.52066 2.56585 0
1543 -1.55149 2.56233 0
1544 -1.58182 2.55523 0
1545 -1.61128 2.54467 0
1546 -1.63948 2.5308 0
1547 -1.66608 2.51381 0
1548 -1.69076 2.49389 0
1549 -1.7132 2.47129 0
1550 -1.73311 2.44626 0
1551 -1.75022 2.41909 0
1552 -1.76429 2.39009 0
1553 -1.77507 2.35962 0
1554 -1.78238 2.32805 0
1555 -1.78604 2.29581 0
1556 -1.78593 2.26335 0
1557 -1.78196 2.23117 0
1558 -1.7741 2.19981 0
1559 -1.76239 2.16984 0
1560 -1.74693 2.14189 0
1561 -1.72792 2.11658 0
1562 -1.70567 2.09457 0
1563 -1.68058 2.0765 0
1564 -1.65318 2.06298 0
1565 -1.6241 2.05453 0
1566 -1.5941 2.05158 0
1567 -1.564 2.05436 0
1568 -1.5347 2.06293 0
1569 -1.5071 2.0771 0
1570 -1.48206 2.09643 0
1571 -1.46038 2.12028 0
1572 -1.44272 2.14783 0
1573 -1.42959 2.17813 0
1574 -1.42132 2.2102 0
1575 -1.41804 2.24306 0
1576 -1.41975 2.27577 0
1577 -1.42628 2.30753 0
1578 -1.43732 2.3376 0
1579 -1.45251 2.36539 0
1580 -1.4714 2.39042 0
1581 -1.49349 2.41231 0
1582 -1.51829 2.43079 0
1583 -1.54529 2.44564 0
1584 -1.57398 2.45676 0
1585 -1.60386 2.46407 0
1586 -1.63448 2.46756 0
1587 -1.66536 2.46727 0
1588 -1.69609 2.46328 0
1589 -1.72626 2.45569 0
1590 -1.75547 2.44464 0
1591 -1.78337 2.43029 0
1592 -1.80961 2.41284 0
1593 -1.83387 2.3925 0
1594 -1.85584 2.36951 0
1595 -1.87524 2.34415 0
1596 -1.89181 2.3167 0
1597 -1.90531 2.28749 0
1598 -1.91553 2.25686 0
1599 -1.92227 2.22519 0
1600 -1.92539 2.19291 0
1601 -1.92476 2.16045 0
1602 -1.92031 2.12832 0
1603 -1.91202 2.09702 0
1604 -1.89993 2.06713 0
1605 -1.88417 2.03923 0
1606 -1.86492 2.01395 0
1607 -1.84249 1.99192 0
1608 -1.81728 1.97375 0
1609 -1.78982 1.96005 0
1610 -1.76072 1.95134 0
1611 -1.73072 1.94804 0
1612 -1.70065 1.95042 0
1613 -1.67138 1.95855 0
1614 -1.6438 1.97229 0
1615 -1.61878 1.99124 0
1616 -1.59711 2.01479 0
1617 -1.57947 2.04214 0
1618 -1.56635 2.07235 0
1619 -1.55811 2.10442 0
1620 -1.5549 2.13734 0
1621 -1.5567 2.17016 0
1622 -1.56335 2.20204 0
1623 -1.57456 2.23221 0
1624 -1.58993 2.26006 0
1625 -1.609 2.2851 0
1626 -1.63129 2.30692 0
1627 -1.65628 2.32525 0
1628 -1.68343 2.33989 0
1629 -1.71224 2.35072 0
1630 -1.74221 2.35768 0
1631 -1.77284 2.36078 0
1632 -1.80369 2.36006 0
1633 -1.83431 2.3556 0
1634 -1.8643 2.34753 0
1635 -1.89327 2.336 0
1636 -1.92086 2.32118 0
1637 -1.94673 2.30329 0
1638 -1.97056 2.28254 0
1639 -1.99206 2.25918 0
1640 -2.01095 2.2335 0
1641 -2.02697 2.20579 0
1642 -2.0399 2.17637 0
1643 -2.04954 2.14559 0
1644 -2.05571 2.11384 0
1645 -2.05827 2.08153 0
1646 -2.0571 2.04909 0
1647 -2.05216 2.01702 0
1648 -2.04343 1.98581 0
1649 -2.03095 1.95601 0
1650 -2.01485 1.9282 0
1651 -1.99534 1.90298 0
1652 -1.97271 1.88095 0
1653 -1.94736 1.86273 0
1654 -1.9198 1.84889 0
1655 -1.89065 1.83995 0
1656 -1.86063 1.83633 0
1657 -1.83055 1.83832 0
1658 -1.80128 1.84603 0
1659 -1.7737 1.85933 0
1660 -1.74868 1.87788 0
1661 -1.72701 1.90109 0
1662 -1.70936 1.9282 0
1663 -1.69625 1.95827 0
1664 -1.68804 1.9903 0
1665 -1.68488 2.02327 0
1666 -1.68677 2.05619 0
1667 -1.69354 2.08817 0
1668 -1.70489 2.11845 0
1669 -1.72044 2.14637 0
1670 -1.7397 2.17142 0
1671 -1.76219 2.19319 0
1672 -1.78735 2.2114 0
1673 -1.81467 2.22584 0
1674 -1.8436 2.2364 0
1675 -1.87364 2.24303 0
1676 -1.90429 2.24575 0
1677 -1.93509 2.24461 0
1678 -1.96561 2.2397 0
1679 -1.99542 2.23117 0
1680 -2.02415 2.21917 0
1681 -2.05143 2.2039 0
1682 -2.07693 2.18557 0
1683 -2.10033 2.16442 0
1684 -2.12134 2.14071 0
1685 -2.13971 2.11472 0
1686 -2.15518 2.08675 0
1687 -2.16754 2.05713 0
1688 -2.17659 2.02623 0
1689 -2.18218 1.9944 0
1690 -2.18417 1.96208 0
1691 -2.18246 1.92968 0
1692 -2.17701 1.89768 0
1693 -2.16782 1.86657 0
1694 -2.15493 1.8369 0
1695 -2.13849 1.8092 0
1696 -2.11869 1.78407 0
1697 -2.09584 1.76209 0
1698 -2.07032 1.74385 0
1699 -2.04265 1.72991 0
1700 -2.01342 1.72078 0
1701 -1.98335 1.71688 0
1702 -1.95323 1.71852 0
1703 -1.92393 1.7258 0
1704 -1.89633 1.73867 0
1705 -1.87128 1.7568 0
1706 -1.84958 1.77965 0
1707 -1.8319 1.80648 0
1708 -1.81879 1.83637 0
1709 -1.81059 1.86832 0
1710 -1.80747 1.9013 0
1711 -1.80944 1.93429 0
1712 -1.81632 1.96637 0
1713 -1.82782 1.99675 0
1714 -1.84354 2.02475 0
1715 -1.863 2.04982 0
1716 -1.88567 2.07156 0
1717 -1.91102 2.08966 0
1718 -1.93849 2.10392 0
1719 -1.96754 2.11423 0
1720 -1.99765 2.12056 0
1721 -2.02833 2.12291 0
1722 -2.05909 2.12136 0
1723 -2.0895 2.11602 0
1724 -2.11913 2.10704 0
1725 -2.14762 2.09459 0
1726 -2.17458 2.07888 0
1727 -2.1997 2.06013 0
1728 -2.22267 2.03859 0
1729 -2.2432 2.01453 0
1730 -2.26104 1.98824 0
1731 -2.27595 1.96003 0
1732 -2.28773 1.93024 0
1733 -2.29619 1.89921 0
1734 -2.30119 1.86733 0
1735 -2.3026 1.835 0
1736 -2.30035 1.80265 0
1737 -2.29438 1.77075 0
1738 -2.28471 1.73977 0
1739 -2.27141 1.71024 0
1740 -2.2546 1.68268 0
1741 -2.2345 1.65767 0
1742 -2.2114 1.63578 0
1743 -2.1857 1.61755 0
1744 -2.15788 1.60355 0
1745 -2.12855 1.59428 0
1746 -2.09841 1.59014 0
1747 -2.06824 1.59145 0
1748 -2.03888 1.59834 0
1749 -2.01122 1.61077 0
1750 -1.98612 1.62847 0
1751 -1.96436 1.65094 0
1752 -1.94664 1.67745 0
1753 -1.9335 1.70713 0
1754 -1.92529 1.73897 0
1755 -1.92221 1.77191 0
1756 -1.92424 1.80495 0
1757 -1.93123 1.83712 0
1758 -1.94287 1.8676 0
1759 -1.95875 1.89567 0
1760 -1.9784 1.92078 0
1761 -2.00126 1.9425 0
1762 -2.02679 1.96051 0
1763 -2.05442 1.97461 0
1764 -2.0836 1.98469 0
1765 -2.11379 1.99072 0
1766 -2.14448 1.99273 0
1767 -2.1752 1.99079 0
1768 -2.2055 1.98504 0
1769 -2.23496 1.97562 0
1770 -2.26319 1.96274 0
1771 -2.28985 1.94659 0
1772 -2.31459 1.92744 0
1773 -2.33712 1.90552 0
1774 -2.35716 1.88113 0
1775 -2.37447 1.85456 0
1776 -2.38882 1.82612 0
1777 -2.40002 1.79615 0
1778 -2.40789 1.76501 0
1779 -2.41229 1.73309 0
1780 -2.41312 1.70077 0
1781 -2.4103 1.66849 0
1782 -2.40381 1.63669 0
1783 -2.39365 1.60586 0
1784 -2.37992 1.5765 0
1785 -2.36274 1.54911 0
1786 -2.34232 1.52426 0
1787 -2.31896 1.50247 0
1788 -2.29305 1.48431 0
1789 -2.26508 1.4703 0
1790 -2.23562 1.46091 0
1791 -2.20538 1.45658 0
1792 -2.17513 1.4576 0
1793 -2.1457 1.46413 0
1794 -2.11796 1.47614 0
1795 -2.09277 1.49341 0
1796 -2.07094 1.51547 0
1797 -2.05315 1.54164 0
1798 -2.03995 1.57107 0
1799 -2.03172 1.60275 0
1800 -2.02864 1.63564 0
1801 -2.03073 1.66869 0
1802 -2.03781 1.70093 0
1803 -2.04959 1.7315 0
1804 -2.06563 1.75965 0
1805 -2.08546 1.7848 0
1806 -2.10851 1.80651 0
1807 -2.13423 1.82444 0
1808 -2.16202 1.8384 0
1809 -2.19132 1.84827 0
1810 -2.22159 1.85403 0
1811 -2.25231 1.85571 0
1812 -2.28299 1.8534 0
1813 -2.31318 1.84725 0
1814 -2.34246 1.83741 0
1815 -2.37045 1.8241 0
1816 -2.39679 1.80755 0
1817 -2.42115 1.78799 0
1818 -2.44325 1.76572 0
1819 -2.4628 1.741 0
1820 -2.47958 1.71415 0
1821 -2.49337 1.6855 0
1822 -2.50397 1.65537 0
1823 -2.51124 1.62414 0
1824 -2.51504 1.59218 0
1825 -2.51528 1.55989 0
1826 -2.5119 1.52769 0
1827 -2.50487 1.49603 0
1828 -2.49423 1.46536 0
1829 -2.48005 1.43618 0
1830 -2.46248 1.40899 0
1831 -2.44173 1.38432 0
1832 -2.4181 1.36268 0
1833 -2.39197 1.34462 0
1834 -2.36382 1.33063 0
1835 -2.33423 1.32119 0
1836 -2.30387 1.3167 0
1837 -2.27351 1.31747 0
1838 -2.24398 1.32367 0
1839 -2.21614 1.33529 0
1840 -2.19085 1.35214 0
1841 -2.16891 1.37378 0
1842 -2.15102 1.39959 0
1843 -2.13774 1.42872 0
1844 -2.12946 1.46021 0
1845 -2.12637 1.49301 0
1846 -2.12849 1.52605 0
1847 -2.13566 1.55834 0
1848 -2.14756 1.58898 0
1849 -2.16376 1.61721 0
1850 -2.18377 1.64241 0
1851 -2.20701 1.66412 0
1852 -2.23291 1.68199 0
1853 -2.26086 1.69583 0
1854 -2.29029 1.7055 0
1855 -2.32065 1.71101 0
1856 -2.35139 1.71237 0
1857 -2.38204 1.70971 0
1858 -2.41213 1.70317 0
1859 -2.44124 1.69293 0
1860 -2.46898 1.67921 0
1861 -2.495 1.66226 0
1862 -2.51899 1.64232 0
1863 -2.54064 1.6197 0
1864 -2.55971 1.59467 0
1865 -2.57596 1.56756 0
1866 -2.58917 1.5387 0
1867 -2.59919 1.50844 0
1868 -2.60586 1.47712 0
1869 -2.60906 1.44514 0
1870 -2.6087 1.41289 0
1871 -2.60475 1.38079 0
1872 -2.59718 1.34927 0
1873 -2.58604 1.31878 0
1874 -2.57141 1.28981 0
1875 -2.55344 1.26284 0
1876 -2.53235 1.23838 0
1877 -2.50844 1.21693 0
1878 -2.48207 1.199 0
1879 -2.45373 1.18508 0
1880 -2.42399 1.17563 0
1881 -2.3935 1.17103 0
1882 -2.36303 1.1716 0
1883 -2.33338 1.1775 0
1884 -2.30541 1.18875 0
1885 -2.27999 1.20519 0
1886 -2.25791 1.22642 0
1887 -2.23989 1.25185 0
1888 -2.22651 1.28067 0
1889 -2.21815 1.31193 0
1890 -2.21503 1.34459 0
1891 -2.21717 1.37759 0
1892 -2.22439 1.40991 0
1893 -2.2364 1.44061 0
1894 -2.25276 1.46891 0
1895 -2.27294 1.49416 0
1896 -2.29638 1.51588 0
1897 -2.32246 1.53371 0
1898 -2.35058 1.54743 0
1899 -2.38014 1.55693 0
1900 -2.41058 1.5622 0
1901 -2.44136 1.56327 0
1902 -2.47198 1.56027 0
1903 -2.50197 1.55336 0
1904 -2.5309 1.54274 0
1905 -2.55841 1.52862 0
1906 -2.58412 1.51128 0
1907 -2.60772 1.49098 0
1908 -2.62894 1.46802 0
1909 -2.64752 1.44269 0
1910 -2.66323 1.41534 0
1911 -2.67588 1.38629 0
1912 -2.68531 1.35589 0
1913 -2.69137 1.3245 0
1914 -2.69396 1.29251 0
1915 -2.69301 1.26032 0
1916 -2.68848 1.22833 0
1917 -2.68037 1.19697 0
1918 -2.66872 1.16669 0
1919 -2.65364 1.13794 0
1920 -2.63526 1.11122 0
1921 -2.61383 1.08699 0
1922 -2.58962 1.06576 0
1923 -2.56301 1.048 0
1924 -2.53448 1.03419 0
1925 -2.50457 1.02477 0
1926 -2.47394 1.02011 0
1927 -2.44333 1.02052 0
1928 -2.41355 1.02616 0
1929 -2.38544 1.03709 0
1930 -2.35986 1.05313 0
1931 -2.33762 1.07396 0
1932 -2.31945 1.09899 0
1933 -2.30592 1.12748 0
1934 -2.29746 1.15848 0
1935 -2.29428 1.19098 0
1936 -2.29641 1.22391 0
1937 -2.30368 1.25622 0
1938 -2.31579 1.28697 0
1939 -2.33228 1.31533 0
1940 -2.35264 1.34063 0
1941 -2.37626 1.36236 0
1942 -2.40252 1.38016 0
1943 -2.43081 1.39379 0
1944 -2.46052 1.40313 0
1945 -2.49105 1.40818 0
1946 -2.52187 1.40898 0
1947 -2.55246 1.40566 0
1948 -2.58236 1.39839 0
1949 -2.61113 1.3874 0
1950 -2.63839 1.3729 0
1951 -2.66379 1.35519 0
1952 -2.68703 1.33453 0
1953 -2.70781 1.31125 0
1954 -2.7259 1.28564 0
1955 -2.74108 1.25805 0
1956 -2.75316 1.22882 0
1957 -2.76199 1.1983 0
1958 -2.76745 1.16686 0
1959 -2.76944 1.13487 0
1960 -2.76789 1.10275 0
1961 -2.76278 1.07088 0
1962 -2.75412 1.0397 0
1963 -2.74196 1.00964 0
1964 -2.72641 0.981142 0
1965 -2.70763 0.95468 0
1966 -2.68584 0.930719 0
1967 -2.66133 0.90973 0
1968 -2.63447 0.892182 0
1969 -2.60573 0.878525 0
1970 -2.57565 0.869177 0
1971 -2.54487 0.864505 0
1972 -2.51412 0.864798 0
1973 -2.48419 0.870236 0
1974 -2.45593 0.880864 0
1975 -2.43018 0.896554 0
1976 -2.40776 0.916984 0
1977 -2.3894 0.941628 0
1978 -2.37571 0.96976 0
1979 -2.3671 1.00048 0
1980 -2.36383 1.03279 0
1981 -2.36592 1.06561 0
1982 -2.37321 1.09789 0
1983 -2.3854 1.12866 0
1984 -2.40202 1.15707 0
1985 -2.42254 1.18242 0
1986 -2.44634 1.20418 0
1987 -2.4728 1.22195 0
1988 -2.50126 1.2355 0
1989 -2.53111 1.2447 0
1990 -2.56175 1.24954 0
1991 -2.59261 1.25008 0
1992 -2.62318 1.24646 0
1993 -2.65299 1.23886 0
1994 -2.6816 1.2275 0
1995 -2.70863 1.21265 0
1996 -2.73373 1.19457 0
1997 -2.75659 1.17358 0
1998 -2.77694 1.14998 0
1999 -2.79455 1.12411 0
2000 -2.80919 1.09629 0
