n	x	y	z
0 -1.15407e-09 -3 0
1 0.0307841 -3.07831 0
2 0.0700623 -3.15269 0
3 0.11679 -3.2227 0
4 0.170026 -3.28803 0
5 0.228928 -3.34847 0
6 0.292743 -3.40389 0
7 0.360799 -3.45422 0
8 0.432495 -3.49943 0
9 0.507291 -3.53951 0
10 0.584701 -3.5745 0
11 0.664287 -3.60444 0
12 0.745648 -3.62939 0
13 0.828421 -3.64942 0
14 0.91227 -3.6646 0
15 0.996888 -3.67501 0
16 1.08199 -3.68074 0
17 1.16731 -3.68187 0
18 1.25259 -3.6785 0
19 1.33761 -3.67071 0
20 1.42214 -3.65859 0
21 1.50597 -3.64224 0
22 1.58889 -3.62175 0
23 1.67072 -3.59721 0
24 1.75127 -3.56871 0
25 1.83036 -3.53635 0
26 1.9078 -3.50022 0
27 1.98342 -3.46041 0
28 2.05707 -3.41704 0
29 2.12855 -3.37018 0
30 2.19771 -3.31995 0
31 2.26438 -3.26644 0
32 2.3284 -3.20977 0
33 2.38958 -3.15005 0
34 2.44776 -3.08738 0
35 2.50278 -3.0219 0
36 2.55444 -2.95373 0
37 2.60257 -2.883 0
38 2.64699 -2.80986 0
39 2.68751 -2.73445 0
40 2.72393 -2.65696 0
41 2.75605 -2.57755 0
42 2.78367 -2.49642 0
43 2.80657 -2.41378 0
44 2.82452 -2.32988 0
45 2.83731 -2.24497 0
46 2.8447 -2.15935 0
47 2.84645 -2.07334 0
48 2.84231 -1.98732 0
49 2.83203 -1.90171 0
50 2.81539 -1.81698 0
51 2.79214 -1.7337 0
52 2.76207 -1.65251 0
53 2.725 -1.57413 0
54 2.68082 -1.49944 0
55 2.62949 -1.42943 0
56 2.57112 -1.36529 0
57 2.50599 -1.30839 0
58 2.43469 -1.26031 0
59 2.35819 -1.22287 0
60 2.27799 -1.19811 0
61 2.19622 -1.18815 0
62 2.11572 -1.19507 0
63 2.03995 -1.22048 0
64 1.97269 -1.2649 0
65 1.91752 -1.3272 0
66 1.8773 -1.40417 0
67 1.8538 -1.49096 0
68 1.84759 -1.58207 0
69 1.85815 -1.67246 0
70 1.88415 -1.75826 0
71 1.9237 -1.83686 0
72 1.97471 -1.90674 0
73 2.03511 -1.96716 0
74 2.10296 -2.01789 0
75 2.17656 -2.05904 0
76 2.25444 -2.09089 0
77 2.33536 -2.11386 0
78 2.41827 -2.12838 0
79 2.50228 -2.13494 0
80 2.58666 -2.134 0
81 2.6708 -2.12602 0
82 2.75417 -2.11143 0
83 2.83634 -2.09067 0
84 2.91694 -2.06411 0
85 2.99564 -2.03214 0
86 3.07217 -1.99511 0
87 3.14631 -1.95333 0
88 3.21785 -1.90714 0
89 3.28662 -1.85682 0
90 3.35246 -1.80266 0
91 3.41523 -1.74491 0
92 3.47481 -1.68384 0
93 3.53111 -1.61969 0
94 3.58401 -1.55268 0
95 3.63344 -1.48305 0
96 3.67931 -1.41101 0
97 3.72156 -1.33677 0
98 3.76011 -1.26053 0
99 3.79491 -1.1825 0
100 3.8259 -1.10286 0
101 3.85303 -1.02183 0
102 3.87624 -0.939579 0
103 3.89549 -0.856307 0
104 3.91073 -0.772205 0
105 3.92193 -0.687463 0
106 3.92904 -0.602274 0
107 3.93203 -0.516833 0
108 3.93085 -0.431341 0
109 3.92548 -0.345999 0
110 3.91589 -0.261016 0
111 3.90203 -0.176609 0
112 3.8839 -0.0929994 0
113 3.86147 -0.0104195 0
114 3.83471 0.0708881 0
115 3.80362 0.150669 0
116 3.76818 0.228655 0
117 3.7284 0.304561 0
118 3.68428 0.378087 0
119 3.63585 0.44891 0
120 3.58313 0.516686 0
121 3.52618 0.581045 0
122 3.46507 0.641586 0
123 3.3999 0.697881 0
124 3.33081 0.749463 0
125 3.25798 0.795827 0
126 3.18165 0.836426 0
127 3.10213 0.87067 0
128 3.01983 0.897923 0
129 2.93529 0.917508 0
130 2.84921 0.928712 0
131 2.7625 0.9308 0
132 2.67635 0.923046 0
133 2.59228 0.904775 0
134 2.51228 0.875436 0
135 2.4388 0.834711 0
136 2.37486 0.782654 0
137 2.32388 0.719881 0
138 2.28942 0.647766 0
139 2.27452 0.568629 0
140 2.28086 0.485819 0
141 2.30821 0.403572 0
142 2.35433 0.326512 0
143 2.41564 0.258876 0
144 2.48816 0.20381 0
145 2.5681 0.163062 0
146 2.65226 0.137109 0
147 2.73806 0.125512 0
148 2.82351 0.127289 0
149 2.9071 0.141201 0
150 2.98773 0.165941 0
151 3.06457 0.200233 0
152 3.13707 0.242894 0
153 3.20481 0.292843 0
154 3.26753 0.349114 0
155 3.32506 0.410844 0
156 3.37731 0.477265 0
157 3.42424 0.547695 0
158 3.46585 0.621526 0
159 3.50216 0.698212 0
160 3.53324 0.777267 0
161 3.55914 0.858248 0
162 3.57995 0.940758 0
163 3.59576 1.02443 0
164 3.60666 1.10894 0
165 3.61275 1.19398 0
166 3.61413 1.27925 0
167 3.61089 1.36452 0
168 3.60315 1.44951 0
169 3.59101 1.53402 0
170 3.57456 1.61781 0
171 3.55391 1.70068 0
172 3.52917 1.78244 0
173 3.50044 1.8629 0
174 3.46782 1.94186 0
175 3.43142 2.01917 0
176 3.39133 2.09464 0
177 3.34767 2.16811 0
178 3.30054 2.2394 0
179 3.25005 2.30837 0
180 3.19631 2.37484 0
181 3.13943 2.43866 0
182 3.07953 2.49966 0
183 3.01673 2.55768 0
184 2.95115 2.61255 0
185 2.88292 2.66412 0
186 2.81218 2.7122 0
187 2.73908 2.75664 0
188 2.66375 2.79725 0
189 2.58638 2.83385 0
190 2.50712 2.86626 0
191 2.42618 2.89429 0
192 2.34376 2.91775 0
193 2.26007 2.93643 0
194 2.17538 2.95012 0
195 2.08994 2.95862 0
196 2.00406 2.96171 0
197 1.91808 2.95916 0
198 1.83238 2.95076 0
199 1.74739 2.93627 0
200 1.66359 2.9155 0
201 1.58155 2.88823 0
202 1.50191 2.85428 0
203 1.4254 2.81352 0
204 1.35288 2.76587 0
205 1.28535 2.71134 0
206 1.22394 2.65007 0
207 1.17 2.58243 0
208 1.12506 2.50904 0
209 1.09087 2.43093 0
210 1.06933 2.34966 0
211 1.06249 2.26741 0
212 1.07226 2.18707 0
213 1.10011 2.11214 0
214 1.14651 2.04641 0
215 1.21028 1.99345 0
216 1.28827 1.95604 0
217 1.37564 1.93578 0
218 1.46686 1.93305 0
219 1.55686 1.94715 0
220 1.64171 1.97657 0
221 1.71879 2.01932 0
222 1.78663 2.07323 0
223 1.84451 2.13617 0
224 1.89231 2.20618 0
225 1.93018 2.28155 0
226 1.95849 2.3608 0
227 1.97771 2.44269 0
228 1.98834 2.52618 0
229 1.9909 2.6104 0
230 1.98591 2.69463 0
231 1.97385 2.77827 0
232 1.95521 2.86081 0
233 1.93042 2.94185 0
234 1.8999 3.02101 0
235 1.86404 3.09801 0
236 1.82321 3.17259 0
237 1.77775 3.24452 0
238 1.728 3.31363 0
239 1.67426 3.37975 0
240 1.61682 3.44274 0
241 1.55594 3.50248 0
242 1.4919 3.55886 0
243 1.42495 3.61178 0
244 1.35532 3.66118 0
245 1.28324 3.70696 0
246 1.20893 3.74906 0
247 1.13261 3.78742 0
248 1.05448 3.82199 0
249 0.974759 3.85271 0
250 0.893633 3.87954 0
251 0.811304 3.90244 0
252 0.727965 3.92137 0
253 0.64381 3.93629 0
254 0.559033 3.94717 0
255 0.473825 3.95397 0
256 0.388383 3.95667 0
257 0.302904 3.95524 0
258 0.217586 3.94965 0
259 0.132636 3.93988 0
260 0.0482623 3.92592 0
261 -0.0353192 3.90775 0
262 -0.117885 3.88534 0
263 -0.199203 3.8587 0
264 -0.279032 3.82782 0
265 -0.357117 3.79269 0
266 -0.433191 3.75332 0
267 -0.506973 3.70974 0
268 -0.578164 3.66195 0
269 -0.646445 3.61 0
270 -0.711476 3.55394 0
271 -0.772893 3.49385 0
272 -0.830304 3.4298 0
273 -0.883289 3.36192 0
274 -0.931392 3.29038 0
275 -0.974124 3.21537 0
276 -1.01096 3.13717 0
277 -1.04132 3.0561 0
278 -1.06461 2.9726 0
279 -1.08018 2.88724 0
280 -1.08736 2.80073 0
281 -1.08546 2.714 0
282 -1.07384 2.62825 0
283 -1.05188 2.54501 0
284 -1.01913 2.46624 0
285 -0.975385 2.39437 0
286 -0.920818 2.33234 0
287 -0.856174 2.28353 0
288 -0.782945 2.25142 0
289 -0.703525 2.23899 0
290 -0.621267 2.24793 0
291 -0.540328 2.27794 0
292 -0.465201 2.32671 0
293 -0.399995 2.39051 0
294 -0.34775 2.46519 0
295 -0.310129 2.54681 0
296 -0.287533 2.6321 0
297 -0.279446 2.71843 0
298 -0.28481 2.80382 0
299 -0.302316 2.88679 0
300 -0.330594 2.96627 0
301 -0.36832 3.0415 0
302 -0.414267 3.11196 0
303 -0.467324 3.17728 0
304 -0.526498 3.23726 0
305 -0.59091 3.29175 0
306 -0.659778 3.34071 0
307 -0.732411 3.38413 0
308 -0.808194 3.42204 0
309 -0.886581 3.4545 0
310 -0.96708 3.48159 0
311 -1.04925 3.50339 0
312 -1.1327 3.52002 0
313 -1.21706 3.53157 0
314 -1.30201 3.53817 0
315 -1.38724 3.53992 0
316 -1.47248 3.53694 0
317 -1.55746 3.52935 0
318 -1.64194 3.51726 0
319 -1.72571 3.50079 0
320 -1.80854 3.48005 0
321 -1.89024 3.45517 0
322 -1.97062 3.42625 0
323 -2.04948 3.3934 0
324 -2.12666 3.35675 0
325 -2.20198 3.31639 0
326 -2.27527 3.27246 0
327 -2.34638 3.22506 0
328 -2.41515 3.17431 0
329 -2.48141 3.12032 0
330 -2.54502 3.06322 0
331 -2.60581 3.00312 0
332 -2.66363 2.94015 0
333 -2.71833 2.87444 0
334 -2.76975 2.80611 0
335 -2.81773 2.73532 0
336 -2.86211 2.6622 0
337 -2.90273 2.58691 0
338 -2.93942 2.5096 0
339 -2.97201 2.43046 0
340 -3.00033 2.34965 0
341 -3.0242 2.26739 0
342 -3.04343 2.18389 0
343 -3.05784 2.09937 0
344 -3.06724 2.01409 0
345 -3.07142 1.92834 0
346 -3.0702 1.84242 0
347 -3.06336 1.75668 0
348 -3.05072 1.67152 0
349 -3.03206 1.58735 0
350 -3.0072 1.50469 0
351 -2.97598 1.42409 0
352 -2.93823 1.34618 0
353 -2.89387 1.27172 0
354 -2.84285 1.20154 0
355 -2.78522 1.13662 0
356 -2.72119 1.07808 0
357 -2.65116 1.02723 0
358 -2.57582 0.985531 0
359 -2.49624 0.954656 0
360 -2.41403 0.936424 0
361 -2.33142 0.932731 0
362 -2.25134 0.945363 0
363 -2.17732 0.97566 0
364 -2.11317 1.02399 0
365 -2.06244 1.08917 0
366 -2.02783 1.16806 0
367 -2.01081 1.25587 0
368 -2.01156 1.34706 0
369 -2.02917 1.43651 0
370 -2.06197 1.52027 0
371 -2.10786 1.59572 0
372 -2.16458 1.66139 0
373 -2.22996 1.71665 0
374 -2.30201 1.76142 0
375 -2.379 1.79595 0
376 -2.45945 1.82066 0
377 -2.54214 1.8361 0
378 -2.62602 1.84282 0
379 -2.71026 1.84139 0
380 -2.79414 1.83236 0
381 -2.87708 1.81627 0
382 -2.95861 1.79361 0
383 -3.03831 1.76486 0
384 -3.11586 1.73045 0
385 -3.19096 1.69079 0
386 -3.26339 1.64628 0
387 -3.33293 1.59726 0
388 -3.39943 1.54408 0
389 -3.46273 1.48705 0
390 -3.52271 1.42648 0
391 -3.57926 1.36264 0
392 -3.63229 1.2958 0
393 -3.68172 1.22622 0
394 -3.72747 1.15415 0
395 -3.76948 1.07981 0
396 -3.8077 1.00343 0
397 -3.84207 0.925237 0
398 -3.87256 0.845434 0
399 -3.89913 0.76423 0
400 -3.92173 0.681827 0
401 -3.94035 0.598424 0
402 -3.95494 0.514219 0
403 -3.96549 0.429406 0
404 -3.97197 0.34418 0
405 -3.97435 0.258736 0
406 -3.97263 0.173269 0
407 -3.96679 0.0879778 0
408 -3.95681 0.00306352 0
409 -3.94267 -0.0812692 0
410 -3.92438 -0.16481 0
411 -3.90193 -0.247344 0
412 -3.87531 -0.328648 0
413 -3.84454 -0.40849 0
414 -3.8096 -0.48663 0
415 -3.77053 -0.562815 0
416 -3.72734 -0.63678 0
417 -3.68006 -0.708246 0
418 -3.62873 -0.776918 0
419 -3.5734 -0.842482 0
420 -3.51414 -0.904603 0
421 -3.45104 -0.962923 0
422 -3.38421 -1.01706 0
423 -3.3138 -1.0666 0
424 -3.23998 -1.11111 0
425 -3.16297 -1.15011 0
426 -3.08308 -1.18308 0
427 -3.00065 -1.20949 0
428 -2.91614 -1.22876 0
429 -2.83014 -1.24027 0
430 -2.74339 -1.24341 0
431 -2.65683 -1.23753 0
432 -2.57167 -1.22204 0
433 -2.48943 -1.19643 0
434 -2.41204 -1.16031 0
435 -2.3419 -1.11359 0
436 -2.28191 -1.05657 0
437 -2.23535 -0.990116 0
438 -2.20564 -0.915828 0
439 -2.19569 -0.836184 0
440 -2.20718 -0.754545 0
441 -2.23978 -0.674994 0
442 -2.29109 -0.601895 0
443 -2.35727 -0.539214 0
444 -2.43398 -0.489875 0
445 -2.51717 -0.455448 0
446 -2.60344 -0.436252 0
447 -2.69016 -0.431691 0
448 -2.77534 -0.440631 0
449 -2.85754 -0.461695 0
450 -2.93573 -0.493453 0
451 -3.0092 -0.534531 0
452 -3.07747 -0.583662 0
453 -3.14025 -0.639705 0
454 -3.19734 -0.701646 0
455 -3.24868 -0.768587 0
456 -3.29424 -0.839737 0
457 -3.33405 -0.914396 0
458 -3.36817 -0.991946 0
459 -3.3967 -1.07184 0
460 -3.41973 -1.15358 0
461 -3.43738 -1.23674 0
462 -3.44978 -1.32091 0
463 -3.45706 -1.40574 0
464 -3.45933 -1.49091 0
465 -3.45674 -1.57612 0
466 -3.44941 -1.66108 0
467 -3.43749 -1.74556 0
468 -3.42108 -1.82932 0
469 -3.40033 -1.91212 0
470 -3.37537 -1.99378 0
471 -3.34631 -2.07409 0
472 -3.31328 -2.15286 0
473 -3.27641 -2.22993 0
474 -3.23582 -2.30511 0
475 -3.19163 -2.37824 0
476 -3.14397 -2.44917 0
477 -3.09296 -2.51773 0
478 -3.03872 -2.58378 0
479 -2.98137 -2.64716 0
480 -2.92106 -2.70773 0
481 -2.8579 -2.76534 0
482 -2.79203 -2.81983 0
483 -2.72358 -2.87106 0
484 -2.6527 -2.91889 0
485 -2.57953 -2.96316 0
486 -2.50422 -3.00372 0
487 -2.42694 -3.04041 0
488 -2.34786 -3.07309 0
489 -2.26715 -3.10158 0
490 -2.18501 -3.12573 0
491 -2.10164 -3.14537 0
492 -2.01726 -3.16033 0
493 -1.93213 -3.17043 0
494 -1.84649 -3.1755 0
495 -1.76064 -3.17537 0
496 -1.6749 -3.16983 0
497 -1.58962 -3.15873 0
498 -1.5052 -3.14187 0
499 -1.42207 -3.11908 0
500 -1.34073 -3.0902 0
501 -1.26176 -3.05509 0
502 -1.18578 -3.01363 0
503 -1.11353 -2.96576 0
504 -1.04585 -2.91148 0
505 -0.983691 -2.85088 0
506 -0.928156 -2.78422 0
507 -0.880498 -2.71194 0
508 -0.842138 -2.63479 0
509 -0.814662 -2.55388 0
510 -0.799788 -2.47087 0
511 -0.799285 -2.38802 0
512 -0.8148 -2.3083 0
513 -0.847535 -2.23526 0
514 -0.897766 -2.17273 0
515 -0.96427 -2.12425 0
516 -1.04395 -2.09246 0
517 -1.13206 -2.07867 0
518 -1.22307 -2.08286 0
519 -1.31184 -2.10395 0
520 -1.39437 -2.14009 0
521 -1.46805 -2.18905 0
522 -1.53145 -2.2485 0
523 -1.58399 -2.3162 0
524 -1.62566 -2.39015 0
525 -1.65678 -2.46862 0
526 -1.67786 -2.55011 0
527 -1.68949 -2.63342 0
528 -1.69229 -2.71752 0
529 -1.68687 -2.80158 0
530 -1.67384 -2.88492 0
531 -1.65375 -2.96698 0
532 -1.62714 -3.04729 0
533 -1.5945 -3.12547 0
534 -1.55629 -3.2012 0
535 -1.51294 -3.27422 0
536 -1.46485 -3.34432 0
537 -1.4124 -3.41131 0
538 -1.35593 -3.47502 0
539 -1.29576 -3.53535 0
540 -1.23222 -3.59216 0
541 -1.16558 -3.64538 0
542 -1.09612 -3.69492 0
543 -1.0241 -3.74071 0
544 -0.949772 -3.7827 0
545 -0.873372 -3.82083 0
546 -0.795131 -3.85506 0
547 -0.715268 -3.88536 0
548 -0.633999 -3.91169 0
549 -0.551532 -3.93403 0
550 -0.468072 -3.95235 0
551 -0.38382 -3.96663 0
552 -0.298973 -3.97685 0
553 -0.213729 -3.98299 0
554 -0.128282 -3.98506 0
555 -0.042829 -3.98302 0
556 0.042434 -3.97689 0
557 0.127309 -3.96665 0
558 0.211593 -3.95229 0
559 0.295084 -3.93383 0
560 0.377571 -3.91126 0
561 0.458838 -3.88459 0
562 0.538665 -3.85383 0
563 0.616821 -3.819 0
564 0.693066 -3.78011 0
565 0.767151 -3.73719 0
566 0.838815 -3.69029 0
567 0.90778 -3.63943 0
568 0.973756 -3.58469 0
569 1.03643 -3.52612 0
570 1.09549 -3.46381 0
571 1.15056 -3.39787 0
572 1.20129 -3.32843 0
573 1.24727 -3.25565 0
574 1.28807 -3.17973 0
575 1.32323 -3.10091 0
576 1.35227 -3.01951 0
577 1.37466 -2.93592 0
578 1.38986 -2.8506 0
579 1.39729 -2.76416 0
580 1.39637 -2.67736 0
581 1.38651 -2.59115 0
582 1.36719 -2.50674 0
583 1.33795 -2.42566 0
584 1.29851 -2.34981 0
585 1.24889 -2.28155 0
586 1.18947 -2.2237 0
587 1.12126 -2.17948 0
588 1.04598 -2.15221 0
589 0.966168 -2.14476 0
590 0.885211 -2.15875 0
591 0.807124 -2.19386 0
592 0.736137 -2.24761 0
593 0.67607 -2.31605 0
594 0.629717 -2.39467 0
595 0.598546 -2.47928 0
596 0.582787 -2.56641 0
597 0.581763 -2.65338 0
598 0.594264 -2.73821 0
599 0.618845 -2.81949 0
600 0.654016 -2.89624 0
601 0.698357 -2.9678 0
602 0.750564 -3.03375 0
603 0.809467 -3.09384 0
604 0.874032 -3.14794 0
605 0.943345 -3.196 0
606 1.01661 -3.23806 0
607 1.09311 -3.27416 0
608 1.17224 -3.30442 0
609 1.25344 -3.32895 0
610 1.33622 -3.34787 0
611 1.42015 -3.36133 0
612 1.50483 -3.36948 0
613 1.58992 -3.37245 0
614 1.67509 -3.3704 0
615 1.76005 -3.36348 0
616 1.84453 -3.35183 0
617 1.92828 -3.33559 0
618 2.01108 -3.31492 0
619 2.09271 -3.28995 0
620 2.17298 -3.26081 0
621 2.25168 -3.22766 0
622 2.32865 -3.19062 0
623 2.4037 -3.14982 0
624 2.47669 -3.1054 0
625 2.54744 -3.05749 0
626 2.61581 -3.00623 0
627 2.68164 -2.95174 0
628 2.7448 -2.89416 0
629 2.80513 -2.83362 0
630 2.8625 -2.77025 0
631 2.91676 -2.7042 0
632 2.96778 -2.6356 0
633 3.01541 -2.5646 0
634 3.05952 -2.49134 0
635 3.09996 -2.41599 0
636 3.13659 -2.3387 0
637 3.16926 -2.25964 0
638 3.19783 -2.17898 0
639 3.22215 -2.09692 0
640 3.24207 -2.01366 0
641 3.25743 -1.9294 0
642 3.26808 -1.84438 0
643 3.27385 -1.75884 0
644 3.27458 -1.67306 0
645 3.27012 -1.58734 0
646 3.26029 -1.50199 0
647 3.24494 -1.41738 0
648 3.2239 -1.3339 0
649 3.19704 -1.25201 0
650 3.16421 -1.17221 0
651 3.12529 -1.09505 0
652 3.08022 -1.02117 0
653 3.02895 -0.951307 0
654 2.97152 -0.886277 0
655 2.90809 -0.827022 0
656 2.83893 -0.774611 0
657 2.76455 -0.730257 0
658 2.68573 -0.695323 0
659 2.60364 -0.671315 0
660 2.51996 -0.659851 0
661 2.43701 -0.662573 0
662 2.35775 -0.680984 0
663 2.28577 -0.716149 0
664 2.22491 -0.76824 0
665 2.1787 -0.836001 0
666 2.1497 -0.916368 0
667 2.13912 -1.00464 0
668 2.14675 -1.09532 0
669 2.17128 -1.18326 0
670 2.21071 -1.26443 0
671 2.26266 -1.33623 0
672 2.32474 -1.39725 0
673 2.39465 -1.44698 0
674 2.47038 -1.48547 0
675 2.55016 -1.51314 0
676 2.63253 -1.53055 0
677 2.71628 -1.53835 0
678 2.80042 -1.53723 0
679 2.88412 -1.52785 0
680 2.96673 -1.51084 0
681 3.0477 -1.48681 0
682 3.12661 -1.45631 0
683 3.20307 -1.41986 0
684 3.27681 -1.37795 0
685 3.34758 -1.33102 0
686 3.41517 -1.27948 0
687 3.47942 -1.22372 0
688 3.5402 -1.16411 0
689 3.59739 -1.10097 0
690 3.6509 -1.03461 0
691 3.70064 -0.965348 0
692 3.74656 -0.893448 0
693 3.7886 -0.819181 0
694 3.82672 -0.742797 0
695 3.86087 -0.66454 0
696 3.89103 -0.584641 0
697 3.91717 -0.503324 0
698 3.93927 -0.420805 0
699 3.95732 -0.337296 0
700 3.9713 -0.253002 0
701 3.98121 -0.168125 0
702 3.98703 -0.0828637 0
703 3.98876 0.00258399 0
704 3.9864 0.0880223 0
705 3.97995 0.173255 0
706 3.96942 0.258087 0
707 3.95481 0.342318 0
708 3.93612 0.425749 0
709 3.91338 0.508175 0
710 3.88659 0.589388 0
711 3.85577 0.669174 0
712 3.82095 0.747312 0
713 3.78215 0.823575 0
714 3.73941 0.897726 0
715 3.69276 0.969518 0
716 3.64226 1.03869 0
717 3.58797 1.10498 0
718 3.52995 1.16809 0
719 3.46829 1.22772 0
720 3.40309 1.28355 0
721 3.33447 1.33524 0
722 3.26259 1.38243 0
723 3.18762 1.42473 0
724 3.10978 1.46172 0
725 3.02935 1.49297 0
726 2.94664 1.518 0
727 2.86207 1.53632 0
728 2.77613 1.54741 0
729 2.68944 1.55074 0
730 2.60278 1.54575 0
731 2.51711 1.53193 0
732 2.43364 1.5088 0
733 2.35389 1.47598 0
734 2.27973 1.43329 0
735 2.21347 1.38081 0
736 2.15788 1.31908 0
737 2.11608 1.24918 0
738 2.0913 1.17296 0
739 2.08635 1.09304 0
740 2.10282 1.01283 0
741 2.14035 0.936277 0
742 2.19644 0.867482 0
743 2.267 0.810111 0
744 2.3474 0.766819 0
745 2.43331 0.73896 0
746 2.52116 0.72667 0
747 2.60823 0.729188 0
748 2.69257 0.745229 0
749 2.77278 0.773278 0
750 2.84795 0.811791 0
751 2.91747 0.859302 0
752 2.98096 0.91447 0
753 3.03824 0.976102 0
754 3.08922 1.04314 0
755 3.13391 1.11467 0
756 3.17236 1.18987 0
757 3.20469 1.26803 0
758 3.23101 1.34854 0
759 3.25148 1.43085 0
760 3.26625 1.51446 0
761 3.27549 1.59895 0
762 3.27936 1.68393 0
763 3.27803 1.76905 0
764 3.27166 1.85401 0
765 3.26042 1.9385 0
766 3.24448 2.02227 0
767 3.22398 2.10508 0
768 3.1991 2.18671 0
769 3.16997 2.26695 0
770 3.13675 2.34561 0
771 3.09958 2.4225 0
772 3.05862 2.49745 0
773 3.01401 2.5703 0
774 2.96588 2.6409 0
775 2.91438 2.70908 0
776 2.85966 2.77471 0
777 2.80184 2.83764 0
778 2.74107 2.89773 0
779 2.67749 2.95485 0
780 2.61124 3.00887 0
781 2.54247 3.05964 0
782 2.47133 3.10705 0
783 2.39796 3.15095 0
784 2.32253 3.19122 0
785 2.2452 3.22772 0
786 2.16612 3.26032 0
787 2.08549 3.28888 0
788 2.00348 3.31328 0
789 1.92028 3.33336 0
790 1.83611 3.34899 0
791 1.75118 3.36003 0
792 1.66573 3.36634 0
793 1.58001 3.36776 0
794 1.49431 3.36416 0
795 1.40893 3.35538 0
796 1.32419 3.34128 0
797 1.24046 3.32172 0
798 1.15814 3.29656 0
799 1.07769 3.26568 0
800 0.999603 3.22897 0
801 0.924443 3.18635 0
802 0.852845 3.13776 0
803 0.785527 3.0832 0
804 0.723299 3.02277 0
805 0.66708 2.95663 0
806 0.617911 2.88512 0
807 0.576961 2.80879 0
808 0.545535 2.72845 0
809 0.525061 2.64532 0
810 0.517052 2.56112 0
811 0.523026 2.47819 0
812 0.544344 2.39951 0
813 0.581927 2.32867 0
814 0.635843 2.26952 0
815 0.704791 2.22559 0
816 0.785738 2.19939 0
817 0.874045 2.19199 0
818 0.964257 2.20302 0
819 1.05121 2.23095 0
820 1.1309 2.2736 0
821 1.20069 2.32848 0
822 1.25923 2.39309 0
823 1.30606 2.4651 0
824 1.34132 2.54245 0
825 1.36548 2.6234 0
826 1.37919 2.70649 0
827 1.38316 2.79051 0
828 1.37813 2.87449 0
829 1.36481 2.95765 0
830 1.34387 3.03934 0
831 1.31595 3.11905 0
832 1.28165 3.19636 0
833 1.24149 3.27093 0
834 1.19598 3.34249 0
835 1.14558 3.41082 0
836 1.09073 3.47574 0
837 1.03181 3.5371 0
838 0.969202 3.59478 0
839 0.903245 3.64869 0
840 0.83426 3.69875 0
841 0.76255 3.7449 0
842 0.6884 3.78708 0
843 0.612078 3.82526 0
844 0.53384 3.8594 0
845 0.453932 3.88949 0
846 0.372588 3.91549 0
847 0.290033 3.93741 0
848 0.206485 3.95522 0
849 0.122156 3.96894 0
850 0.0372529 3.97854 0
851 -0.048022 3.98405 0
852 -0.133469 3.98545 0
853 -0.218892 3.98276 0
854 -0.304093 3.97599 0
855 -0.388878 3.96515 0
856 -0.473051 3.95024 0
857 -0.556415 3.9313 0
858 -0.638769 3.90833 0
859 -0.719911 3.88136 0
860 -0.799634 3.85042 0
861 -0.877727 3.81554 0
862 -0.95397 3.77675 0
863 -1.02814 3.73409 0
864 -1.1 3.6876 0
865 -1.16931 3.63735 0
866 -1.23581 3.58339 0
867 -1.29925 3.52579 0
868 -1.35933 3.46464 0
869 -1.41576 3.40005 0
870 -1.46823 3.33212 0
871 -1.51641 3.261 0
872 -1.55994 3.18686 0
873 -1.59845 3.10989 0
874 -1.63154 3.03032 0
875 -1.6588 2.94846 0
876 -1.67976 2.86464 0
877 -1.69396 2.77929 0
878 -1.70092 2.69293 0
879 -1.70013 2.60619 0
880 -1.69109 2.51986 0
881 -1.67332 2.43492 0
882 -1.64642 2.35256 0
883 -1.61008 2.2743 0
884 -1.56419 2.20198 0
885 -1.50894 2.13786 0
886 -1.44495 2.08464 0
887 -1.37345 2.04534 0
888 -1.29636 2.02311 0
889 -1.21639 2.02066 0
890 -1.13698 2.03956 0
891 -1.06202 2.07943 0
892 -0.995493 2.13774 0
893 -0.940894 2.21032 0
894 -0.90073 2.29236 0
895 -0.876234 2.37943 0
896 -0.86744 2.46785 0
897 -0.873501 2.5549 0
898 -0.893054 2.63859 0
899 -0.924519 2.7176 0
900 -0.966297 2.79105 0
901 -1.01688 2.85839 0
902 -1.07489 2.9193 0
903 -1.13911 2.97365 0
904 -1.20847 3.0214 0
905 -1.28204 3.06262 0
906 -1.359 3.09739 0
907 -1.43864 3.12585 0
908 -1.52033 3.14818 0
909 -1.60354 3.16455 0
910 -1.68778 3.17513 0
911 -1.77262 3.18013 0
912 -1.85768 3.17971 0
913 -1.94262 3.17408 0
914 -2.02714 3.16342 0
915 -2.11094 3.1479 0
916 -2.19379 3.1277 0
917 -2.27544 3.103 0
918 -2.35569 3.07397 0
919 -2.43432 3.04076 0
920 -2.51117 3.00354 0
921 -2.58604 2.96247 0
922 -2.65878 2.9177 0
923 -2.72924 2.86939 0
924 -2.79725 2.81768 0
925 -2.86268 2.76273 0
926 -2.92539 2.70468 0
927 -2.98525 2.64369 0
928 -3.04212 2.57989 0
929 -3.09587 2.51344 0
930 -3.14639 2.44449 0
931 -3.19354 2.37319 0
932 -3.23721 2.2997 0
933 -3.27727 2.22416 0
934 -3.31359 2.14676 0
935 -3.34606 2.06764 0
936 -3.37454 1.987 0
937 -3.39892 1.905 0
938 -3.41907 1.82185 0
939 -3.43486 1.73773 0
940 -3.44617 1.65287 0
941 -3.45286 1.56749 0
942 -3.45481 1.48184 0
943 -3.45188 1.39617 0
944 -3.44394 1.31076 0
945 -3.43087 1.22594 0
946 -3.41254 1.14202 0
947 -3.38881 1.05938 0
948 -3.3596 0.978426 0
949 -3.32478 0.899609 0
950 -3.28428 0.823431 0
951 -3.23804 0.750451 0
952 -3.18605 0.6813 0
953 -3.12834 0.616684 0
954 -3.06502 0.557401 0
955 -2.99632 0.504347 0
956 -2.92261 0.458531 0
957 -2.84447 0.42108 0
958 -2.76278 0.393237 0
959 -2.67877 0.376352 0
960 -2.59419 0.371838 0
961 -2.51141 0.381086 0
962 -2.43341 0.405316 0
963 -2.3638 0.445306 0
964 -2.30642 0.501009 0
965 -2.26478 0.571077 0
966 -2.24136 0.652504 0
967 -2.23712 0.740716 0
968 -2.2515 0.830315 0
969 -2.28278 0.916155 0
970 -2.3286 0.994211 0
971 -2.38632 1.06188 0
972 -2.45335 1.11785 0
973 -2.52733 1.16171 0
974 -2.60618 1.19367 0
975 -2.68814 1.21429 0
976 -2.77178 1.22427 0
977 -2.85589 1.22441 0
978 -2.93955 1.21548 0
979 -3.02198 1.19826 0
980 -3.10256 1.17345 0
981 -3.18082 1.14172 0
982 -3.25635 1.10368 0
983 -3.32885 1.05991 0
984 -3.39806 1.01092 0
985 -3.46379 0.957188 0
986 -3.52587 0.899157 0
987 -3.58419 0.837233 0
988 -3.63863 0.771795 0
989 -3.68913 0.703194 0
990 -3.73561 0.631756 0
991 -3.77804 0.557789 0
992 -3.81637 0.481581 0
993 -3.85059 0.403406 0
994 -3.88067 0.323522 0
995 -3.90661 0.242175 0
996 -3.92839 0.159601 0
997 -3.94602 0.0760275 0
998 -3.9595 -0.00832723 0
999 -3.96885 -0.0932507 0
1000 -3.97405 -0.178536 0
1001 -3.97514 -0.263981 0
1002 -3.97213 -0.349386 0
1003 -3.96503 -0.434554 0
1004 -3.95386 -0.519291 0
1005 -3.93864 -0.603402 0
1006 -3.91941 -0.686692 0
1007 -3.89618 -0.768964 0
1008 -3.86899 -0.850022 0
1009 -3.83788 -0.929664 0
1010 -3.80287 -1.00769 0
1011 -3.76401 -1.08388 0
1012 -3.72135 -1.15802 0
1013 -3.67494 -1.2299 0
1014 -3.62483 -1.29928 0
1015 -3.5711 -1.36593 0
1016 -3.51382 -1.42959 0
1017 -3.45307 -1.49001 0
1018 -3.38896 -1.5469 0
1019 -3.32159 -1.59999 0
1020 -3.25111 -1.64896 0
1021 -3.17767 -1.6935 0
1022 -3.10144 -1.73327 0
1023 -3.02266 -1.7679 0
1024 -2.94157 -1.79701 0
1025 -2.85847 -1.8202 0
1026 -2.77374 -1.83704 0
1027 -2.68782 -1.8471 0
1028 -2.60123 -1.8499 0
1029 -2.51464 -1.84499 0
1030 -2.42883 -1.83191 0
1031 -2.34479 -1.81023 0
1032 -2.26372 -1.77961 0
1033 -2.18711 -1.7398 0
1034 -2.11678 -1.69079 0
1035 -2.05494 -1.63284 0
1036 -2.00419 -1.56668 0
1037 -1.96747 -1.49364 0
1038 -1.94783 -1.41575 0
1039 -1.9479 -1.3358 0
1040 -1.96919 -1.25725 0
1041 -2.01133 -1.18395 0
1042 -2.07175 -1.11975 0
1043 -2.1462 -1.06799 0
1044 -2.22975 -1.03101 0
1045 -2.31784 -1.00992 0
1046 -2.4067 -1.00465 0
1047 -2.49357 -1.01425 0
1048 -2.57649 -1.03728 0
1049 -2.65416 -1.0721 0
1050 -2.72575 -1.11706 0
1051 -2.79077 -1.17061 0
1052 -2.84898 -1.23133 0
1053 -2.90029 -1.298 0
1054 -2.94472 -1.36953 0
1055 -2.98237 -1.44497 0
1056 -3.01338 -1.52351 0
1057 -3.03793 -1.60443 0
1058 -3.05621 -1.68711 0
1059 -3.06844 -1.77102 0
1060 -3.07481 -1.85567 0
1061 -3.07555 -1.94065 0
1062 -3.07086 -2.02557 0
1063 -3.06095 -2.11012 0
1064 -3.04601 -2.19398 0
1065 -3.02625 -2.27688 0
1066 -3.00186 -2.35859 0
1067 -2.97302 -2.43887 0
1068 -2.93991 -2.51752 0
1069 -2.90271 -2.59434 0
1070 -2.86159 -2.66917 0
1071 -2.81672 -2.74183 0
1072 -2.76826 -2.81217 0
1073 -2.71638 -2.88003 0
1074 -2.66124 -2.94529 0
1075 -2.60298 -3.00779 0
1076 -2.54177 -3.06742 0
1077 -2.47776 -3.12404 0
1078 -2.41111 -3.17753 0
1079 -2.34197 -3.22778 0
1080 -2.2705 -3.27467 0
1081 -2.19686 -3.31807 0
1082 -2.12121 -3.35788 0
1083 -2.04371 -3.39399 0
1084 -1.96453 -3.42627 0
1085 -1.88385 -3.45461 0
1086 -1.80185 -3.47891 0
1087 -1.71871 -3.49904 0
1088 -1.63463 -3.51489 0
1089 -1.54982 -3.52635 0
1090 -1.46449 -3.5333 0
1091 -1.37889 -3.53563 0
1092 -1.29325 -3.53321 0
1093 -1.20784 -3.52593 0
1094 -1.12295 -3.51368 0
1095 -1.0389 -3.49635 0
1096 -0.956015 -3.47382 0
1097 -0.874673 -3.446 0
1098 -0.795283 -3.41279 0
1099 -0.718296 -3.37412 0
1100 -0.644212 -3.32993 0
1101 -0.573588 -3.28019 0
1102 -0.507047 -3.22491 0
1103 -0.445285 -3.16417 0
1104 -0.389083 -3.09811 0
1105 -0.339315 -3.027 0
1106 -0.296957 -2.95124 0
1107 -0.26309 -2.87147 0
1108 -0.238899 -2.78857 0
1109 -0.225654 -2.70383 0
1110 -0.224666 -2.61903 0
1111 -0.237205 -2.53653 0
1112 -0.264347 -2.45934 0
1113 -0.306727 -2.39103 0
1114 -0.364181 -2.33546 0
1115 -0.435305 -2.29613 0
1116 -0.517115 -2.27548 0
1117 -0.60511 -2.27436 0
1118 -0.693955 -2.29204 0
1119 -0.778538 -2.32662 0
1120 -0.854842 -2.37553 0
1121 -0.920282 -2.43601 0
1122 -0.973573 -2.50537 0
1123 -1.01439 -2.5812 0
1124 -1.043 -2.6614 0
1125 -1.06004 -2.74422 0
1126 -1.06629 -2.82823 0
1127 -1.06259 -2.91227 0
1128 -1.0498 -2.99542 0
1129 -1.02872 -3.07694 0
1130 -1.00009 -3.15624 0
1131 -0.964631 -3.23286 0
1132 -0.922968 -3.30644 0
1133 -0.875693 -3.37669 0
1134 -0.823342 -3.44339 0
1135 -0.766411 -3.50635 0
1136 -0.70535 -3.56545 0
1137 -0.640577 -3.62057 0
1138 -0.572478 -3.67163 0
1139 -0.501409 -3.71858 0
1140 -0.427704 -3.76137 0
1141 -0.351673 -3.79997 0
1142 -0.273609 -3.83436 0
1143 -0.193786 -3.86453 0
1144 -0.112466 -3.89047 0
1145 -0.0298952 -3.91219 0
1146 0.0536887 -3.92969 0
1147 0.138059 -3.94299 0
1148 0.222996 -3.95211 0
1149 0.308287 -3.95705 0
1150 0.393727 -3.95785 0
1151 0.479113 -3.95452 0
1152 0.564247 -3.94709 0
1153 0.648934 -3.9356 0
1154 0.73298 -3.92006 0
1155 0.816191 -3.90052 0
1156 0.898374 -3.87701 0
1157 0.979336 -3.84956 0
1158 1.05888 -3.81823 0
1159 1.13681 -3.78304 0
1160 1.21292 -3.74406 0
1161 1.28701 -3.70133 0
1162 1.35886 -3.65491 0
1163 1.42826 -3.60487 0
1164 1.49499 -3.55128 0
1165 1.55879 -3.49421 0
1166 1.61944 -3.43375 0
1167 1.67669 -3.37001 0
1168 1.73025 -3.30309 0
1169 1.77985 -3.23313 0
1170 1.82521 -3.16027 0
1171 1.866 -3.08469 0
1172 1.90189 -3.00658 0
1173 1.93255 -2.92618 0
1174 1.95761 -2.84375 0
1175 1.97668 -2.75963 0
1176 1.98936 -2.67419 0
1177 1.99524 -2.58789 0
1178 1.99387 -2.50128 0
1179 1.98485 -2.41502 0
1180 1.96776 -2.32993 0
1181 1.94221 -2.24697 0
1182 1.90792 -2.16737 0
1183 1.86472 -2.09257 0
1184 1.81266 -2.02437 0
1185 1.7521 -1.96492 0
1186 1.68386 -1.91676 0
1187 1.60937 -1.88271 0
1188 1.53075 -1.8657 0
1189 1.45088 -1.8683 0
1190 1.37324 -1.89196 0
1191 1.30164 -1.93628 0
1192 1.23983 -1.99869 0
1193 1.19097 -2.07488 0
1194 1.15724 -2.1598 0
1195 1.1396 -2.24877 0
1196 1.13786 -2.33793 0
1197 1.15099 -2.42449 0
1198 1.17746 -2.50649 0
1199 1.21558 -2.58267 0
1200 1.26363 -2.65228 0
1201 1.32003 -2.71487 0
1202 1.38334 -2.77026 0
1203 1.45231 -2.81842 0
1204 1.52584 -2.85944 0
1205 1.60298 -2.89344 0
1206 1.68291 -2.92062 0
1207 1.76492 -2.9412 0
1208 1.8484 -2.95539 0
1209 1.93279 -2.96345 0
1210 2.01765 -2.96561 0
1211 2.10255 -2.96209 0
1212 2.18712 -2.95314 0
1213 2.27105 -2.93897 0
1214 2.35404 -2.9198 0
1215 2.43583 -2.89586 0
1216 2.51618 -2.86733 0
1217 2.59488 -2.83443 0
1218 2.67173 -2.79733 0
1219 2.74655 -2.75624 0
1220 2.81916 -2.71133 0
1221 2.88941 -2.66279 0
1222 2.95716 -2.61077 0
1223 3.02226 -2.55546 0
1224 3.08458 -2.49702 0
1225 3.14399 -2.43561 0
1226 3.20037 -2.3714 0
1227 3.25361 -2.30455 0
1228 3.30358 -2.23522 0
1229 3.35019 -2.16358 0
1230 3.39332 -2.08978 0
1231 3.43286 -2.014 0
1232 3.4687 -1.93639 0
1233 3.50076 -1.85713 0
1234 3.52891 -1.77639 0
1235 3.55306 -1.69436 0
1236 3.57309 -1.61121 0
1237 3.58892 -1.52715 0
1238 3.60044 -1.44237 0
1239 3.60754 -1.35709 0
1240 3.61011 -1.27152 0
1241 3.60806 -1.18591 0
1242 3.60129 -1.10051 0
1243 3.58968 -1.01558 0
1244 3.57315 -0.931433 0
1245 3.5516 -0.848365 0
1246 3.52494 -0.766725 0
1247 3.49308 -0.686885 0
1248 3.45596 -0.609256 0
1249 3.41353 -0.534287 0
1250 3.36575 -0.462477 0
1251 3.31262 -0.394379 0
1252 3.25419 -0.330606 0
1253 3.19056 -0.271843 0
1254 3.12191 -0.218852 0
1255 3.04854 -0.172485 0
1256 2.9709 -0.133681 0
1257 2.88964 -0.103478 0
1258 2.80571 -0.082999 0
1259 2.72041 -0.0734363 0
1260 2.63553 -0.0760014 0
1261 2.55345 -0.0918411 0
1262 2.47717 -0.121891 0
1263 2.41027 -0.166642 0
1264 2.35656 -0.225809 0
1265 2.31955 -0.297927 0
1266 2.30164 -0.380027 0
1267 2.3036 -0.467685 0
1268 2.32454 -0.555642 0
1269 2.36235 -0.638832 0
1270 2.41428 -0.713256 0
1271 2.47742 -0.776355 0
1272 2.549 -0.826886 0
1273 2.62655 -0.864582 0
1274 2.70796 -0.889796 0
1275 2.79149 -0.903228 0
1276 2.87571 -0.905736 0
1277 2.95951 -0.89823 0
1278 3.04197 -0.881606 0
1279 3.12239 -0.856715 0
1280 3.20023 -0.82435 0
1281 3.27504 -0.78524 0
1282 3.3465 -0.740051 0
1283 3.41433 -0.68939 0
1284 3.47835 -0.633812 0
1285 3.5384 -0.573823 0
1286 3.59436 -0.509888 0
1287 3.64615 -0.442431 0
1288 3.69371 -0.371846 0
1289 3.73699 -0.298494 0
1290 3.77598 -0.222713 0
1291 3.81065 -0.144817 0
1292 3.84101 -0.0651009 0
1293 3.86704 0.0161594 0
1294 3.88878 0.0987017 0
1295 3.90623 0.182278 0
1296 3.91941 0.26665 0
1297 3.92834 0.351592 0
1298 3.93307 0.436885 0
1299 3.9336 0.522317 0
1300 3.92998 0.607683 0
1301 3.92225 0.692782 0
1302 3.91043 0.777418 0
1303 3.89457 0.861397 0
1304 3.87471 0.944526 0
1305 3.85089 1.02661 0
1306 3.82316 1.10747 0
1307 3.79157 1.18691 0
1308 3.75617 1.26473 0
1309 3.71701 1.34074 0
1310 3.67416 1.41474 0
1311 3.62767 1.48653 0
1312 3.57762 1.5559 0
1313 3.52408 1.62263 0
1314 3.46714 1.68652 0
1315 3.40688 1.74732 0
1316 3.34341 1.8048 0
1317 3.27683 1.85872 0
1318 3.20729 1.90881 0
1319 3.13491 1.95481 0
1320 3.05986 1.99642 0
1321 2.98232 2.03336 0
1322 2.90252 2.0653 0
1323 2.8207 2.09191 0
1324 2.73714 2.11285 0
1325 2.65219 2.12775 0
1326 2.56625 2.13624 0
1327 2.47977 2.13792 0
1328 2.39334 2.13239 0
1329 2.30762 2.11928 0
1330 2.22343 2.0982 0
1331 2.14175 2.06883 0
1332 2.06377 2.03094 0
1333 1.99095 1.98442 0
1334 1.92502 1.9294 0
1335 1.86809 1.86632 0
1336 1.82261 1.7961 0
1337 1.7913 1.72024 0
1338 1.77698 1.64097 0
1339 1.78212 1.56124 0
1340 1.8081 1.48456 0
1341 1.85453 1.41472 0
1342 1.91882 1.35535 0
1343 1.99661 1.30945 0
1344 2.08277 1.27901 0
1345 2.17247 1.26485 0
1346 2.26179 1.26665 0
1347 2.34789 1.28329 0
1348 2.42884 1.31316 0
1349 2.50341 1.3545 0
1350 2.5709 1.40556 0
1351 2.63094 1.4647 0
1352 2.68341 1.53046 0
1353 2.72833 1.60158 0
1354 2.76583 1.67695 0
1355 2.79612 1.75561 0
1356 2.81942 1.83675 0
1357 2.83597 1.91965 0
1358 2.84606 2.00371 0
1359 2.84993 2.08839 0
1360 2.84786 2.17324 0
1361 2.84011 2.25785 0
1362 2.82691 2.34186 0
1363 2.80853 2.42496 0
1364 2.78519 2.50687 0
1365 2.75711 2.58733 0
1366 2.72453 2.66612 0
1367 2.68765 2.74303 0
1368 2.64667 2.81788 0
1369 2.6018 2.89049 0
1370 2.55322 2.96069 0
1371 2.50112 3.02835 0
1372 2.44569 3.09333 0
1373 2.38709 3.15549 0
1374 2.32551 3.21471 0
1375 2.26112 3.27086 0
1376 2.19408 3.32385 0
1377 2.12457 3.37356 0
1378 2.05275 3.41989 0
1379 1.97879 3.46273 0
1380 1.90287 3.50198 0
1381 1.82514 3.53755 0
1382 1.74578 3.56934 0
1383 1.66497 3.59726 0
1384 1.58289 3.6212 0
1385 1.49972 3.64109 0
1386 1.41566 3.65682 0
1387 1.33089 3.66831 0
1388 1.24564 3.67545 0
1389 1.1601 3.67816 0
1390 1.07452 3.67636 0
1391 0.989128 3.66994 0
1392 0.904186 3.65882 0
1393 0.819967 3.64292 0
1394 0.736765 3.62215 0
1395 0.654897 3.59643 0
1396 0.574707 3.5657 0
1397 0.496569 3.52989 0
1398 0.420894 3.48895 0
1399 0.348128 3.44286 0
1400 0.278768 3.39161 0
1401 0.213359 3.33522 0
1402 0.152506 3.27377 0
1403 0.0968795 3.2074 0
1404 0.0472241 3.13631 0
1405 0.00436307 3.06084 0
1406 -0.0307965 2.98148 0
1407 -0.0572645 2.89891 0
1408 -0.0739773 2.81411 0
1409 -0.0798221 2.72841 0
1410 -0.0736857 2.64361 0
1411 -0.0545419 2.56209 0
1412 -0.021594 2.48684 0
1413 0.0255055 2.42142 0
1414 0.0863474 2.36964 0
1415 0.159398 2.33496 0
1416 0.241701 2.31977 0
1417 0.328906 2.32476 0
1418 0.415844 2.34889 0
1419 0.497507 2.38987 0
1420 0.56993 2.44474 0
1421 0.630582 2.51044 0
1422 0.678267 2.58413 0
1423 0.712782 2.66327 0
1424 0.734556 2.74575 0
1425 0.744362 2.82983 0
1426 0.743131 2.9141 0
1427 0.731832 2.99748 0
1428 0.711417 3.07908 0
1429 0.682781 3.15824 0
1430 0.646753 3.23444 0
1431 0.604092 3.30727 0
1432 0.555487 3.37643 0
1433 0.501566 3.44169 0
1434 0.442899 3.50288 0
1435 0.380005 3.55986 0
1436 0.313358 3.61255 0
1437 0.243389 3.66088 0
1438 0.170499 3.70481 0
1439 0.0950535 3.74433 0
1440 0.0173935 3.77941 0
1441 -0.0621644 3.81006 0
1442 -0.143324 3.8363 0
1443 -0.225809 3.85815 0
1444 -0.309355 3.87562 0
1445 -0.393715 3.88875 0
1446 -0.478652 3.89757 0
1447 -0.563941 3.90212 0
1448 -0.649362 3.90244 0
1449 -0.734707 3.89856 0
1450 -0.819772 3.89054 0
1451 -0.904357 3.87842 0
1452 -0.988268 3.86224 0
1453 -1.07131 3.84206 0
1454 -1.1533 3.81793 0
1455 -1.23405 3.7899 0
1456 -1.31337 3.75802 0
1457 -1.39106 3.72237 0
1458 -1.46695 3.683 0
1459 -1.54084 3.63997 0
1460 -1.61253 3.59336 0
1461 -1.68183 3.54324 0
1462 -1.74853 3.48969 0
1463 -1.81243 3.43279 0
1464 -1.8733 3.37265 0
1465 -1.93094 3.30936 0
1466 -1.98511 3.24304 0
1467 -2.03556 3.17381 0
1468 -2.08205 3.1018 0
1469 -2.12432 3.02719 0
1470 -2.16209 2.95014 0
1471 -2.19507 2.87086 0
1472 -2.22297 2.78956 0
1473 -2.24547 2.70652 0
1474 -2.26224 2.62204 0
1475 -2.27294 2.53647 0
1476 -2.27721 2.45022 0
1477 -2.27469 2.36378 0
1478 -2.26501 2.27773 0
1479 -2.24783 2.19274 0
1480 -2.22281 2.10964 0
1481 -2.18968 2.02941 0
1482 -2.14825 1.95323 0
1483 -2.0985 1.88253 0
1484 -2.04061 1.81902 0
1485 -1.97511 1.76473 0
1486 -1.903 1.72203 0
1487 -1.82587 1.69353 0
1488 -1.74604 1.68195 0
1489 -1.66651 1.68963 0
1490 -1.59085 1.71791 0
1491 -1.52281 1.76637 0
1492 -1.46593 1.83243 0
1493 -1.42302 1.91169 0
1494 -1.39592 1.99893 0
1495 -1.38527 2.08921 0
1496 -1.39062 2.17855 0
1497 -1.41075 2.26406 0
1498 -1.44397 2.34382 0
1499 -1.48846 2.41665 0
1500 -1.54242 2.4819 0
1501 -1.60418 2.53928 0
1502 -1.67226 2.58872 0
1503 -1.74537 2.63031 0
1504 -1.82241 2.66423 0
1505 -1.90241 2.69074 0
1506 -1.98456 2.7101 0
1507 -2.06816 2.72261 0
1508 -2.1526 2.72855 0
1509 -2.23736 2.72824 0
1510 -2.32199 2.72195 0
1511 -2.4061 2.70998 0
1512 -2.48933 2.69258 0
1513 -2.57139 2.67003 0
1514 -2.65201 2.64257 0
1515 -2.73094 2.61045 0
1516 -2.80796 2.5739 0
1517 -2.88289 2.53314 0
1518 -2.95554 2.48838 0
1519 -3.02574 2.43984 0
1520 -3.09336 2.38772 0
1521 -3.15825 2.33221 0
1522 -3.22028 2.2735 0
1523 -3.27934 2.21178 0
1524 -3.3353 2.14723 0
1525 -3.38805 2.08002 0
1526 -3.43751 2.01034 0
1527 -3.48356 1.93835 0
1528 -3.52611 1.86423 0
1529 -3.56506 1.78816 0
1530 -3.60034 1.7103 0
1531 -3.63184 1.63084 0
1532 -3.65949 1.54995 0
1533 -3.6832 1.46781 0
1534 -3.70288 1.3846 0
1535 -3.71845 1.30052 0
1536 -3.72983 1.21576 0
1537 -3.73694 1.13052 0
1538 -3.73969 1.04501 0
1539 -3.73801 0.959446 0
1540 -3.73183 0.87407 0
1541 -3.72106 0.789122 0
1542 -3.70563 0.70486 0
1543 -3.68547 0.621562 0
1544 -3.66051 0.539524 0
1545 -3.63069 0.459064 0
1546 -3.59597 0.380528 0
1547 -3.55629 0.30429 0
1548 -3.51164 0.230756 0
1549 -3.462 0.160374 0
1550 -3.4074 0.0936324 0
1551 -3.34788 0.0310705 0
1552 -3.28356 -0.0267177 0
1553 -3.21459 -0.0790761 0
1554 -3.14122 -0.125281 0
1555 -3.06383 -0.164536 0
1556 -2.98291 -0.195969 0
1557 -2.89921 -0.218638 0
1558 -2.81371 -0.23154 0
1559 -2.72777 -0.233639 0
1560 -2.6432 -0.22392 0
1561 -2.56238 -0.201475 0
1562 -2.48829 -0.165644 0
1563 -2.42445 -0.116223 0
1564 -2.37464 -0.0537461 0
1565 -2.34231 0.0201782 0
1566 -2.32981 0.102599 0
1567 -2.33778 0.189242 0
1568 -2.36504 0.275034 0
1569 -2.4091 0.355042 0
1570 -2.46682 0.425343 0
1571 -2.535 0.483446 0
1572 -2.61068 0.528203 0
1573 -2.69128 0.55948 0
1574 -2.77469 0.577777 0
1575 -2.85916 0.583944 0
1576 -2.94332 0.578981 0
1577 -3.0261 0.563921 0
1578 -3.10668 0.539765 0
1579 -3.1844 0.507453 0
1580 -3.25879 0.467848 0
1581 -3.32947 0.421739 0
1582 -3.39618 0.369838 0
1583 -3.45871 0.31279 0
1584 -3.51692 0.25118 0
1585 -3.5707 0.185539 0
1586 -3.61999 0.116347 0
1587 -3.66474 0.0440456 0
1588 -3.70493 -0.0309629 0
1589 -3.74057 -0.108307 0
1590 -3.77166 -0.187645 0
1591 -3.79823 -0.268658 0
1592 -3.82029 -0.351049 0
1593 -3.83788 -0.434541 0
1594 -3.85104 -0.518871 0
1595 -3.85982 -0.603792 0
1596 -3.86426 -0.689069 0
1597 -3.86441 -0.774477 0
1598 -3.86032 -0.8598 0
1599 -3.85205 -0.944831 0
1600 -3.83964 -1.02937 0
1601 -3.82316 -1.11321 0
1602 -3.80267 -1.19617 0
1603 -3.77822 -1.27806 0
1604 -3.74988 -1.3587 0
1605 -3.71772 -1.43789 0
1606 -3.68179 -1.51545 0
1607 -3.64217 -1.5912 0
1608 -3.59893 -1.66495 0
1609 -3.55215 -1.73652 0
1610 -3.5019 -1.80571 0
1611 -3.44828 -1.87233 0
1612 -3.39137 -1.93619 0
1613 -3.33127 -1.99708 0
1614 -3.26808 -2.05479 0
1615 -3.20192 -2.10911 0
1616 -3.13292 -2.15981 0
1617 -3.06121 -2.20667 0
1618 -2.98695 -2.24944 0
1619 -2.91029 -2.28787 0
1620 -2.83144 -2.3217 0
1621 -2.7506 -2.35065 0
1622 -2.66802 -2.37444 0
1623 -2.58397 -2.39277 0
1624 -2.49877 -2.40533 0
1625 -2.41279 -2.41179 0
1626 -2.32644 -2.41183 0
1627 -2.24024 -2.40511 0
1628 -2.15476 -2.3913 0
1629 -2.0707 -2.37009 0
1630 -1.98888 -2.34118 0
1631 -1.91027 -2.30435 0
1632 -1.83605 -2.25948 0
1633 -1.76763 -2.20658 0
1634 -1.70667 -2.14593 0
1635 -1.65513 -2.07811 0
1636 -1.61531 -2.00422 0
1637 -1.58971 -1.92591 0
1638 -1.5809 -1.84559 0
1639 -1.59114 -1.76634 0
1640 -1.62168 -1.69175 0
1641 -1.67209 -1.62556 0
1642 -1.7398 -1.57119 0
1643 -1.82039 -1.53133 0
1644 -1.90857 -1.5076 0
1645 -1.9993 -1.50047 0
1646 -2.08851 -1.50937 0
1647 -2.17329 -1.53296 0
1648 -2.25173 -1.56948 0
1649 -2.32269 -1.61705 0
1650 -2.38559 -1.6738 0
1651 -2.4402 -1.73805 0
1652 -2.48651 -1.80831 0
1653 -2.52469 -1.88326 0
1654 -2.55496 -1.9618 0
1655 -2.57764 -2.04296 0
1656 -2.59302 -2.12593 0
1657 -2.60145 -2.21002 0
1658 -2.60326 -2.29464 0
1659 -2.59876 -2.37927 0
1660 -2.58828 -2.46348 0
1661 -2.57211 -2.54687 0
1662 -2.55056 -2.62912 0
1663 -2.5239 -2.70994 0
1664 -2.4924 -2.78905 0
1665 -2.45631 -2.86625 0
1666 -2.41588 -2.9413 0
1667 -2.37135 -3.01405 0
1668 -2.32294 -3.08431 0
1669 -2.27086 -3.15193 0
1670 -2.21534 -3.21678 0
1671 -2.15657 -3.27873 0
1672 -2.09474 -3.33765 0
1673 -2.03006 -3.39344 0
1674 -1.9627 -3.446 0
1675 -1.89286 -3.49521 0
1676 -1.82071 -3.541 0
1677 -1.74644 -3.58327 0
1678 -1.67023 -3.62193 0
1679 -1.59224 -3.6569 0
1680 -1.51267 -3.6881 0
1681 -1.43168 -3.71545 0
1682 -1.34947 -3.73888 0
1683 -1.26622 -3.75832 0
1684 -1.18211 -3.77367 0
1685 -1.09733 -3.78489 0
1686 -1.0121 -3.79189 0
1687 -0.926605 -3.7946 0
1688 -0.841067 -3.79296 0
1689 -0.755709 -3.7869 0
1690 -0.670765 -3.77635 0
1691 -0.58648 -3.76125 0
1692 -0.503118 -3.74155 0
1693 -0.420957 -3.71718 0
1694 -0.340293 -3.6881 0
1695 -0.261448 -3.65426 0
1696 -0.184765 -3.61563 0
1697 -0.110616 -3.57218 0
1698 -0.0394089 -3.52392 0
1699 0.0284163 -3.47086 0
1700 0.0923757 -3.41304 0
1701 0.151939 -3.35054 0
1702 0.206524 -3.28349 0
1703 0.255491 -3.21209 0
1704 0.298137 -3.13661 0
1705 0.333694 -3.05745 0
1706 0.361328 -2.97516 0
1707 0.380142 -2.89049 0
1708 0.389195 -2.80446 0
1709 0.387528 -2.71845 0
1710 0.374222 -2.63428 0
1711 0.348485 -2.5543 0
1712 0.309793 -2.48149 0
1713 0.25808 -2.41931 0
1714 0.194011 -2.37153 0
1715 0.119271 -2.34156 0
1716 0.0368123 -2.33174 0
1717 -0.049163 -2.34263 0
1718 -0.133688 -2.37295 0
1719 -0.211914 -2.42001 0
1720 -0.279978 -2.48049 0
1721 -0.335433 -2.55104 0
1722 -0.377187 -2.62859 0
1723 -0.405171 -2.71053 0
1724 -0.419962 -2.79471 0
1725 -0.422483 -2.87942 0
1726 -0.413805 -2.9633 0
1727 -0.395019 -3.04533 0
1728 -0.36718 -3.12471 0
1729 -0.331268 -3.20082 0
1730 -0.288182 -3.27324 0
1731 -0.238736 -3.34162 0
1732 -0.183665 -3.40572 0
1733 -0.123631 -3.46537 0
1734 -0.0592311 -3.52046 0
1735 0.00899378 -3.57091 0
1736 0.0805545 -3.61667 0
1737 0.155006 -3.65773 0
1738 0.23194 -3.69409 0
1739 0.310984 -3.72577 0
1740 0.391794 -3.75279 0
1741 0.474051 -3.77519 0
1742 0.557458 -3.79301 0
1743 0.641738 -3.80631 0
1744 0.72663 -3.81513 0
1745 0.811888 -3.81953 0
1746 0.897279 -3.81958 0
1747 0.98258 -3.81533 0
1748 1.06758 -3.80685 0
1749 1.15207 -3.7942 0
1750 1.23585 -3.77744 0
1751 1.31873 -3.75665 0
1752 1.40052 -3.7319 0
1753 1.48104 -3.70325 0
1754 1.5601 -3.67078 0
1755 1.63752 -3.63456 0
1756 1.71312 -3.59467 0
1757 1.78672 -3.55119 0
1758 1.85814 -3.5042 0
1759 1.92719 -3.45379 0
1760 1.9937 -3.40004 0
1761 2.05747 -3.34306 0
1762 2.11832 -3.28294 0
1763 2.17604 -3.21979 0
1764 2.23043 -3.15373 0
1765 2.28129 -3.08488 0
1766 2.3284 -3.01338 0
1767 2.37154 -2.93938 0
1768 2.41047 -2.86304 0
1769 2.44496 -2.78454 0
1770 2.47476 -2.70408 0
1771 2.49961 -2.6219 0
1772 2.51923 -2.53823 0
1773 2.53334 -2.45338 0
1774 2.54165 -2.36767 0
1775 2.54387 -2.28148 0
1776 2.53968 -2.19526 0
1777 2.52877 -2.10949 0
1778 2.51086 -2.02479 0
1779 2.48566 -1.94185 0
1780 2.45292 -1.86149 0
1781 2.41247 -1.78468 0
1782 2.36424 -1.71259 0
1783 2.3083 -1.64658 0
1784 2.24498 -1.5883 0
1785 2.17497 -1.53963 0
1786 2.0994 -1.50278 0
1787 2.02002 -1.48014 0
1788 1.93931 -1.47416 0
1789 1.8604 -1.48696 0
1790 1.78693 -1.51973 0
1791 1.72262 -1.57202 0
1792 1.67081 -1.64127 0
1793 1.63401 -1.72306 0
1794 1.61367 -1.81202 0
1795 1.61009 -1.90305 0
1796 1.62253 -1.99199 0
1797 1.64955 -2.0759 0
1798 1.68932 -2.15289 0
1799 1.73987 -2.22186 0
1800 1.79931 -2.2823 0
1801 1.86594 -2.33403 0
1802 1.93822 -2.37713 0
1803 2.01485 -2.41182 0
1804 2.0947 -2.43839 0
1805 2.17684 -2.45718 0
1806 2.26044 -2.46856 0
1807 2.34483 -2.4729 0
1808 2.42943 -2.47056 0
1809 2.51372 -2.46189 0
1810 2.5973 -2.44724 0
1811 2.67977 -2.42694 0
1812 2.76083 -2.40128 0
1813 2.84019 -2.37059 0
1814 2.91761 -2.33512 0
1815 2.99286 -2.29516 0
1816 3.06576 -2.25097 0
1817 3.13613 -2.20278 0
1818 3.20382 -2.15084 0
1819 3.26868 -2.09537 0
1820 3.33059 -2.03659 0
1821 3.38943 -1.97471 0
1822 3.4451 -1.90993 0
1823 3.49748 -1.84246 0
1824 3.54648 -1.77248 0
1825 3.59203 -1.70019 0
1826 3.63402 -1.62578 0
1827 3.67239 -1.54942 0
1828 3.70706 -1.47131 0
1829 3.73795 -1.39162 0
1830 3.765 -1.31054 0
1831 3.78813 -1.22825 0
1832 3.80728 -1.14494 0
1833 3.82239 -1.06079 0
1834 3.83338 -0.975999 0
1835 3.84021 -0.890762 0
1836 3.84281 -0.805281 0
1837 3.84112 -0.719763 0
1838 3.83509 -0.634424 0
1839 3.82465 -0.549492 0
1840 3.80977 -0.465201 0
1841 3.79039 -0.381801 0
1842 3.76646 -0.299555 0
1843 3.73794 -0.218743 0
1844 3.70481 -0.139662 0
1845 3.66703 -0.0626326 0
1846 3.62459 0.012003 0
1847 3.57749 0.0838736 0
1848 3.52574 0.152577 0
1849 3.46939 0.217678 0
1850 3.40849 0.278698 0
1851 3.34315 0.335119 0
1852 3.27354 0.38637 0
1853 3.19986 0.431829 0
1854 3.12244 0.470816 0
1855 3.0417 0.502593 0
1856 2.95821 0.52636 0
1857 2.87275 0.541272 0
1858 2.78637 0.546446 0
1859 2.70046 0.541001 0
1860 2.61683 0.524112 0
1861 2.53785 0.495101 0
1862 2.46643 0.453573 0
1863 2.40602 0.399605 0
1864 2.36032 0.333986 0
1865 2.33273 0.258487 0
1866 2.32556 0.176068 0
1867 2.33931 0.0908595 0
1868 2.3726 0.00771874 0
1869 2.42257 -0.0686056 0
1870 2.48572 -0.13432 0
1871 2.55853 -0.187033 0
1872 2.63783 -0.225711 0
1873 2.72097 -0.250354 0
1874 2.80579 -0.261614 0
1875 2.89058 -0.26049 0
1876 2.97403 -0.248118 0
1877 3.05514 -0.225652 0
1878 3.13315 -0.194195 0
1879 3.2075 -0.154768 0
1880 3.27778 -0.108302 0
1881 3.34369 -0.0556377 0
1882 3.40504 0.00246993 0
1883 3.46167 0.0653433 0
1884 3.51351 0.132373 0
1885 3.5605 0.203011 0
1886 3.60263 0.27676 0
1887 3.6399 0.353172 0
1888 3.67234 0.431835 0
1889 3.69997 0.512376 0
1890 3.72285 0.594449 0
1891 3.74103 0.677736 0
1892 3.75458 0.761941 0
1893 3.76354 0.846788 0
1894 3.768 0.932018 0
1895 3.76802 1.01739 0
1896 3.76368 1.10267 0
1897 3.75504 1.18763 0
1898 3.74218 1.27208 0
1899 3.72519 1.3558 0
1900 3.70413 1.43861 0
1901 3.67909 1.5203 0
1902 3.65014 1.6007 0
1903 3.61737 1.67963 0
1904 3.58085 1.7569 0
1905 3.54068 1.83235 0
1906 3.49694 1.90578 0
1907 3.44971 1.97704 0
1908 3.39909 2.04594 0
1909 3.34518 2.1123 0
1910 3.28808 2.17594 0
1911 3.22789 2.23669 0
1912 3.16472 2.29436 0
1913 3.09869 2.34876 0
1914 3.02992 2.39969 0
1915 2.95856 2.44696 0
1916 2.88475 2.49035 0
1917 2.80865 2.52966 0
1918 2.73043 2.56466 0
1919 2.65029 2.59512 0
1920 2.56843 2.62082 0
1921 2.48511 2.64149 0
1922 2.40057 2.65689 0
1923 2.31513 2.66675 0
1924 2.22912 2.67079 0
1925 2.14294 2.66875 0
1926 2.05703 2.66034 0
1927 1.97192 2.64528 0
1928 1.88819 2.6233 0
1929 1.80655 2.59416 0
1930 1.72783 2.55767 0
1931 1.653 2.51368 0
1932 1.58319 2.46218 0
1933 1.51975 2.4033 0
1934 1.46427 2.33744 0
1935 1.41858 2.26534 0
1936 1.38478 2.18821 0
1937 1.36516 2.10788 0
1938 1.36204 2.02686 0
1939 1.37742 1.94837 0
1940 1.41239 1.87606 0
1941 1.46649 1.81367 0
1942 1.53717 1.76444 0
1943 1.62001 1.73074 0
1944 1.70962 1.71381 0
1945 1.80079 1.71377 0
1946 1.88932 1.72974 0
1947 1.97223 1.76016 0
1948 2.04764 1.80311 0
1949 2.11451 1.85656 0
1950 2.17237 1.91859 0
1951 2.22114 1.98745 0
1952 2.26095 2.0616 0
1953 2.29208 2.13974 0
1954 2.31489 2.22075 0
1955 2.32977 2.30367 0
1956 2.33712 2.38771 0
1957 2.33736 2.4722 0
1958 2.33089 2.55657 0
1959 2.31808 2.64033 0
1960 2.2993 2.72306 0
1961 2.2749 2.80441 0
1962 2.24522 2.88407 0
1963 2.21056 2.96178 0
1964 2.17123 3.0373 0
1965 2.1275 3.11042 0
1966 2.07965 3.18097 0
1967 2.02794 3.24879 0
1968 1.97261 3.31373 0
1969 1.91389 3.37566 0
1970 1.852 3.43447 0
1971 1.78718 3.49005 0
1972 1.71962 3.5423 0
1973 1.64954 3.59113 0
1974 1.57713 3.63646 0
1975 1.50258 3.67821 0
1976 1.4261 3.71631 0
1977 1.34786 3.75068 0
1978 1.26806 3.78126 0
1979 1.18688 3.80799 0
1980 1.10451 3.83081 0
1981 1.02114 3.84966 0
1982 0.936948 3.86448 0
1983 0.852135 3.87521 0
1984 0.766891 3.88182 0
1985 0.681417 3.88424 0
1986 0.595916 3.88243 0
1987 0.510599 3.87634 0
1988 0.425686 3.86593 0
1989 0.341402 3.85116 0
1990 0.257987 3.83198 0
1991 0.175689 3.80836 0
1992 0.0947742 3.78027 0
1993 0.0155205 3.74768 0
1994 -0.0617738 3.71058 0
1995 -0.136791 3.66896 0
1996 -0.209189 3.62282 0
1997 -0.278601 3.57218 0
1998 -0.344629 3.51707 0
1999 -0.406843 3.45755 0
2000 -0.464775 3.39372 0
